50
0 65 54 64 104 56 24 28 43 82 76 71 87 46 27 12 54 49 81 110 64 115 116 34 47 67 53 57 45 22 44 84 38 39 82 131 78 20 39 13 88 80 41 48 57 51 133 15 8 54
65 0 21 31 39 37 85 37 34 67 73 60 22 55 60 63 23 82 114 45 97 50 51 99 18 40 20 28 20 57 21 51 65 26 115 66 17 85 44 74 121 113 40 81 90 14 68 80 73 85
54 21 0 18 50 58 78 44 23 88 94 81 41 44 81 52 44 103 135 56 118 61 62 88 25 61 7 49 33 46 34 30 54 23 136 77 24 74 33 67 142 134 61 102 111 31 79 69 62 106
64 31 18 0 68 68 88 54 21 98 104 91 51 26 91 52 54 113 145 74 128 79 80 70 35 71 11 59 43 42 44 20 36 33 146 95 42 56 25 77 152 144 71 112 121 41 97 67 64 116
104 39 50 68 0 48 124 76 73 66 72 59 19 94 87 102 50 81 113 12 96 11 26 138 57 39 57 47 59 96 60 52 104 65 114 49 26 124 83 113 120 112 63 80 101 53 29 119 112 84
56 37 58 68 48 0 76 28 47 30 36 23 31 50 39 54 14 45 77 54 60 59 60 90 33 11 57 9 25 48 24 88 56 35 78 75 54 76 43 65 84 76 15 44 53 27 77 71 64 48
24 85 78 88 124 76 0 48 67 102 96 91 107 70 37 36 74 57 57 130 40 135 136 22 67 87 77 77 65 46 64 108 62 59 58 151 98 42 63 11 70 56 61 54 33 71 153 21 24 74
28 37 44 54 76 28 48 0 33 54 50 43 59 36 37 26 26 59 91 82 74 87 88 62 19 39 43 29 17 20 16 74 28 21 92 103 50 48 29 37 98 90 17 58 67 23 105 43 36 62
43 34 23 21 73 47 67 33 0 77 83 70 56 21 70 31 33 92 124 79 107 84 85 65 16 50 16 38 22 23 23 41 31 12 125 100 47 51 10 56 131 123 50 91 100 20 102 46 43 95
82 67 88 98 66 30 102 54 77 0 6 11 47 80 65 80 44 45 55 54 70 61 40 116 63 27 87 39 55 74 54 118 82 65 48 49 84 102 73 91 54 56 41 48 79 57 51 97 90 28
76 73 94 104 72 36 96 50 83 6 0 13 53 86 59 74 50 39 49 60 64 67 46 110 69 33 93 45 61 68 60 124 78 71 42 55 90 96 79 85 48 50 35 42 73 63 57 91 84 22
71 60 81 91 59 23 91 43 70 11 13 0 40 73 54 69 37 34 54 47 59 54 45 105 56 20 80 32 48 63 47 111 71 58 55 60 77 91 66 80 61 53 30 37 68 50 62 86 79 25
87 22 41 51 19 31 107 59 56 47 53 40 0 77 70 85 33 62 94 23 77 28 29 121 40 20 40 30 42 79 43 71 87 48 95 44 37 107 66 96 101 93 46 61 84 36 46 102 95 65
46 55 44 26 94 50 70 36 21 80 86 73 77 0 73 34 44 95 127 100 110 105 106 48 37 57 37 47 35 24 34 44 10 29 128 121 68 30 11 59 134 126 53 94 103 41 123 49 46 98
27 60 81 91 87 39 37 37 70 65 59 54 70 73 0 39 37 22 54 93 37 98 99 51 56 50 80 40 48 49 47 111 65 58 55 114 77 45 66 26 61 53 24 21 30 50 116 32 27 37
12 63 52 52 102 54 36 26 31 80 74 69 85 34 39 0 52 61 93 108 76 113 114 36 45 65 45 55 43 10 42 72 26 37 94 129 76 22 27 25 100 92 39 60 69 49 131 17 12 64
54 23 44 54 50 14 74 26 33 44 50 37 33 44 37 52 0 59 91 56 74 61 62 88 19 17 43 5 11 46 10 74 54 21 92 77 40 74 33 63 98 90 17 58 67 13 79 69 62 62
49 82 103 113 81 45 57 59 92 45 39 34 62 95 22 61 59 0 32 73 25 78 79 71 78 42 102 54 70 71 69 133 87 80 33 94 99 67 88 46 39 31 42 3 34 72 96 52 49 17
81 114 135 145 113 77 57 91 124 55 49 54 94 127 54 93 91 32 0 101 17 108 89 79 110 74 134 86 102 103 101 165 119 112 7 104 131 99 120 68 23 1 74 33 24 104 106 78 81 29
110 45 56 74 12 54 130 82 79 54 60 47 23 100 93 108 56 73 101 0 98 7 14 144 63 43 63 53 65 102 66 64 110 71 102 37 32 130 89 119 108 100 69 76 107 59 23 125 118 72
64 97 118 128 96 60 40 74 107 70 64 59 77 110 37 76 74 25 17 98 0 103 104 62 93 57 117 69 85 86 84 148 102 95 22 119 114 82 103 51 38 16 57 22 9 87 121 61 64 42
115 50 61 79 11 59 135 87 84 61 67 54 28 105 98 113 61 78 108 7 103 0 21 149 68 48 68 58 70 107 71 61 115 76 109 44 37 135 94 124 115 107 74 81 112 64 18 130 123 79
116 51 62 80 26 60 136 88 85 40 46 45 29 106 99 114 62 79 89 14 104 21 0 150 69 49 69 59 71 108 72 78 116 77 88 23 44 136 95 125 94 90 75 82 113 65 17 131 124 62
34 99 88 70 138 90 22 62 65 116 110 105 121 48 51 36 88 71 79 144 62 149 150 0 81 101 81 91 79 42 78 88 40 73 80 165 112 20 55 25 86 78 75 68 55 85 167 19 26 88
47 18 25 35 57 33 67 19 16 63 69 56 40 37 56 45 19 78 110 63 93 68 69 81 0 36 24 24 8 39 9 55 47 8 111 84 31 67 26 56 117 109 36 77 86 6 86 62 55 81
67 40 61 71 39 11 87 39 50 27 33 20 20 57 50 65 17 42 74 43 57 48 49 101 36 0 60 12 28 59 27 91 67 38 75 64 57 87 46 76 81 73 26 41 64 30 66 82 75 45
53 20 7 11 57 57 77 43 16 87 93 80 40 37 80 45 43 102 134 63 117 68 69 81 24 60 0 48 32 39 33 31 47 22 135 84 31 67 26 66 141 133 60 101 110 30 86 62 55 105
57 28 49 59 47 9 77 29 38 39 45 32 30 47 40 55 5 54 86 53 69 58 59 91 24 12 48 0 16 49 15 79 57 26 87 74 45 77 36 66 93 85 16 53 62 18 76 72 65 57
45 20 33 43 59 25 65 17 22 55 61 48 42 35 48 43 11 70 102 65 85 70 71 79 8 28 32 16 0 37 1 63 45 10 103 86 33 65 24 54 109 101 28 69 78 6 88 60 53 73
22 57 46 42 96 48 46 20 23 74 68 63 79 24 49 10 46 71 103 102 86 107 108 42 39 59 39 49 37 0 36 62 16 31 104 123 70 28 17 35 110 102 33 70 79 43 125 25 22 74
44 21 34 44 60 24 64 16 23 54 60 47 43 34 47 42 10 69 101 66 84 71 72 78 9 27 33 15 1 36 0 64 44 11 102 87 34 64 23 53 108 100 27 68 77 7 89 59 52 72
84 51 30 20 52 88 108 74 41 118 124 111 71 44 111 72 74 133 165 64 148 61 78 88 55 91 31 79 63 62 64 0 54 53 166 101 34 74 45 97 172 164 91 132 141 61 79 87 84 136
38 65 54 36 104 56 62 28 31 82 78 71 87 10 65 26 54 87 119 110 102 115 116 40 47 67 47 57 45 16 44 54 0 39 120 131 78 20 21 51 126 118 45 86 95 51 133 41 38 90
39 26 23 33 65 35 59 21 12 65 71 58 48 29 58 37 21 80 112 71 95 76 77 73 8 38 22 26 10 31 11 53 39 0 113 92 39 59 18 48 119 111 38 79 88 12 94 54 47 83
82 115 136 146 114 78 58 92 125 48 42 55 95 128 55 94 92 33 7 102 22 109 88 80 111 75 135 87 103 104 102 166 120 113 0 97 132 100 121 69 16 8 75 34 31 105 99 79 82 30
131 66 77 95 49 75 151 103 100 49 55 60 44 121 114 129 77 94 104 37 119 44 23 165 84 64 84 74 86 123 87 101 131 92 97 0 67 151 110 140 81 105 90 97 128 80 26 146 139 77
78 17 24 42 26 54 98 50 47 84 90 77 37 68 77 76 40 99 131 32 114 37 44 112 31 57 31 45 33 70 34 34 78 39 132 67 0 98 57 87 138 130 57 98 107 27 55 93 86 102
20 85 74 56 124 76 42 48 51 102 96 91 107 30 45 22 74 67 99 130 82 135 136 20 67 87 67 77 65 28 64 74 20 59 100 151 98 0 41 31 106 98 61 66 75 71 153 21 18 74
39 44 33 25 83 43 63 29 10 73 79 66 66 11 66 27 33 88 120 89 103 94 95 55 26 46 26 36 24 17 23 45 21 18 121 110 57 41 0 52 127 119 46 87 96 30 112 42 39 91
13 74 67 77 113 65 11 37 56 91 85 80 96 59 26 25 63 46 68 119 51 124 125 25 56 76 66 66 54 35 53 97 51 48 69 140 87 31 52 0 75 67 50 43 44 60 142 10 13 63
88 121 142 152 120 84 70 98 131 54 48 61 101 134 61 100 98 39 23 108 38 115 94 86 117 81 141 93 109 110 108 172 126 119 16 81 138 106 127 75 0 24 81 40 47 111 97 85 88 36
80 113 134 144 112 76 56 90 123 56 50 53 93 126 53 92 90 31 1 100 16 107 90 78 109 73 133 85 101 102 100 164 118 111 8 105 130 98 119 67 24 0 73 32 23 103 107 77 80 28
41 40 61 71 63 15 61 17 50 41 35 30 46 53 24 39 17 42 74 69 57 74 75 75 36 26 60 16 28 33 27 91 45 38 75 90 57 61 46 50 81 73 0 41 50 30 92 56 49 45
48 81 102 112 80 44 54 58 91 48 42 37 61 94 21 60 58 3 33 76 22 81 82 68 77 41 101 53 69 70 68 132 86 79 34 97 98 66 87 43 40 32 41 0 31 71 99 49 48 20
57 90 111 121 101 53 33 67 100 79 73 68 84 103 30 69 67 34 24 107 9 112 113 55 86 64 110 62 78 79 77 141 95 88 31 128 107 75 96 44 47 23 50 31 0 80 130 54 57 51
51 14 31 41 53 27 71 23 20 57 63 50 36 41 50 49 13 72 104 59 87 64 65 85 6 30 30 18 6 43 7 61 51 12 105 80 27 71 30 60 111 103 30 71 80 0 82 66 59 75
133 68 79 97 29 77 153 105 102 51 57 62 46 123 116 131 79 96 106 23 121 18 17 167 86 66 86 76 88 125 89 79 133 94 99 26 55 153 112 142 97 107 92 99 130 82 0 148 141 79
15 80 69 67 119 71 21 43 46 97 91 86 102 49 32 17 69 52 78 125 61 130 131 19 62 82 62 72 60 25 59 87 41 54 79 146 93 21 42 10 85 77 56 49 54 66 148 0 7 69
8 73 62 64 112 64 24 36 43 90 84 79 95 46 27 12 62 49 81 118 64 123 124 26 55 75 55 65 53 22 52 84 38 47 82 139 86 18 39 13 88 80 49 48 57 59 141 7 0 62
54 85 106 116 84 48 74 62 95 28 22 25 65 98 37 64 62 17 29 72 42 79 62 88 81 45 105 57 73 74 72 136 90 83 30 77 102 74 91 63 36 28 45 20 51 75 79 69 62 0
80
3 07:00:00 17:00:00 5000.000 5.750 45.000
50 08:00:00 18:00:00 3500.000 4.223 65.000
27 08:00:00 18:00:00 4500.000 3.567 70.000
46 07:00:00 17:00:00 3000.000 2.396 55.000
9 08:00:00 18:00:00 4000.000 2.728 50.000
25 07:00:00 17:00:00 5000.000 4.230 55.000
4 08:00:00 18:00:00 3500.000 2.543 40.000
4 08:00:00 18:00:00 2000.000 2.240 65.000
19 07:00:00 17:00:00 2000.000 2.084 50.000
4 07:00:00 17:00:00 5000.000 6.643 50.000
22 08:00:00 18:00:00 5000.000 5.287 40.000
35 07:00:00 17:00:00 2000.000 1.636 50.000
25 08:00:00 18:00:00 3000.000 2.810 50.000
18 07:00:00 17:00:00 2000.000 2.131 40.000
42 08:00:00 18:00:00 3500.000 4.324 65.000
14 08:00:00 18:00:00 5000.000 3.767 45.000
27 08:00:00 18:00:00 3500.000 3.113 50.000
28 08:00:00 18:00:00 3000.000 2.214 60.000
27 07:00:00 17:00:00 2000.000 1.945 40.000
42 08:00:00 18:00:00 2500.000 3.160 60.000
22 08:00:00 18:00:00 4500.000 4.446 55.000
6 08:00:00 18:00:00 2500.000 2.035 40.000
39 08:00:00 18:00:00 3500.000 3.824 45.000
40 08:00:00 18:00:00 4000.000 4.499 65.000
14 08:00:00 18:00:00 3500.000 3.677 60.000
34 08:00:00 18:00:00 3500.000 3.066 65.000
37 08:00:00 18:00:00 5000.000 5.213 55.000
50 08:00:00 18:00:00 2000.000 1.371 60.000
43 07:00:00 17:00:00 5000.000 6.037 70.000
20 07:00:00 17:00:00 4000.000 4.053 55.000
36 08:00:00 18:00:00 3500.000 2.798 55.000
45 08:00:00 18:00:00 5000.000 5.093 60.000
48 07:00:00 17:00:00 5000.000 3.973 45.000
23 07:00:00 17:00:00 4000.000 3.061 65.000
9 08:00:00 18:00:00 4500.000 4.167 50.000
46 08:00:00 18:00:00 4000.000 2.883 60.000
15 08:00:00 18:00:00 3000.000 2.096 50.000
11 08:00:00 18:00:00 2500.000 2.172 55.000
34 08:00:00 18:00:00 3000.000 3.676 65.000
48 08:00:00 18:00:00 4500.000 3.174 40.000
39 07:00:00 17:00:00 3000.000 3.904 55.000
6 07:00:00 17:00:00 5000.000 6.273 55.000
47 07:00:00 17:00:00 4500.000 4.251 45.000
41 07:00:00 17:00:00 3000.000 3.568 45.000
50 08:00:00 18:00:00 3000.000 2.734 50.000
5 08:00:00 18:00:00 4000.000 4.280 60.000
5 08:00:00 18:00:00 4000.000 3.651 40.000
40 08:00:00 18:00:00 3500.000 2.667 65.000
27 07:00:00 17:00:00 4500.000 4.392 50.000
21 07:00:00 17:00:00 5000.000 5.107 55.000
46 07:00:00 17:00:00 5000.000 3.867 70.000
32 07:00:00 17:00:00 4000.000 3.379 60.000
38 08:00:00 18:00:00 4000.000 4.075 65.000
49 07:00:00 17:00:00 2500.000 2.138 50.000
7 08:00:00 18:00:00 4500.000 3.249 70.000
34 07:00:00 17:00:00 3000.000 3.012 50.000
14 07:00:00 17:00:00 5000.000 4.670 45.000
7 08:00:00 18:00:00 2500.000 1.843 45.000
4 07:00:00 17:00:00 5000.000 6.100 50.000
36 07:00:00 17:00:00 2000.000 1.495 70.000
19 07:00:00 17:00:00 5000.000 3.463 65.000
32 08:00:00 18:00:00 4500.000 4.620 65.000
18 07:00:00 17:00:00 2000.000 1.707 65.000
28 07:00:00 17:00:00 4500.000 5.082 50.000
2 07:00:00 17:00:00 4500.000 3.174 40.000
8 08:00:00 18:00:00 2500.000 2.500 70.000
19 07:00:00 17:00:00 4000.000 4.205 65.000
44 08:00:00 18:00:00 3500.000 3.281 50.000
13 08:00:00 18:00:00 3500.000 2.737 70.000
21 08:00:00 18:00:00 2500.000 1.962 55.000
17 08:00:00 18:00:00 4000.000 3.827 45.000
17 07:00:00 17:00:00 4000.000 4.243 55.000
17 08:00:00 18:00:00 4000.000 2.877 50.000
40 07:00:00 17:00:00 4000.000 3.317 55.000
12 07:00:00 17:00:00 3500.000 4.590 45.000
14 08:00:00 18:00:00 2000.000 1.835 50.000
49 07:00:00 17:00:00 2500.000 2.852 70.000
22 08:00:00 18:00:00 2000.000 1.747 40.000
45 08:00:00 18:00:00 4000.000 4.077 40.000
26 07:00:00 17:00:00 2500.000 2.358 65.000
500
34 5 794.000 0.942 521 595 12:00:00 13:30:00 14:00:00 17:00:00
31 41 840.000 0.617 567 529 11:30:00 12:30:00 14:30:00 17:30:00
39 28 489.000 0.262 516 538 13:00:00 14:30:00 14:00:00 16:00:00
1 26 185.000 0.273 370 515 13:00:00 14:30:00 15:00:00 17:00:00
47 12 874.000 1.197 416 562 13:00:00 14:00:00 14:00:00 15:00:00
29 5 113.000 0.085 575 335 12:00:00 13:30:00 14:00:00 16:00:00
48 32 649.000 0.683 417 323 12:00:00 13:30:00 13:00:00 15:00:00
34 5 661.000 0.473 523 488 14:00:00 16:00:00 15:00:00 18:00:00
31 5 536.000 0.340 578 586 12:30:00 14:30:00 13:30:00 16:30:00
7 40 667.000 0.702 405 385 08:00:00 10:00:00 08:00:00 09:00:00
17 27 465.000 0.654 351 410 12:00:00 14:00:00 13:00:00 16:00:00
35 16 693.000 0.900 546 347 13:00:00 15:00:00 15:00:00 18:00:00
41 26 879.000 0.816 507 403 08:00:00 09:00:00 10:00:00 13:00:00
20 23 705.000 0.621 421 389 09:00:00 11:00:00 09:00:00 10:00:00
6 25 269.000 0.162 547 514 09:30:00 11:00:00 09:30:00 12:30:00
50 43 297.000 0.289 541 356 10:00:00 12:00:00 10:00:00 13:00:00
26 7 973.000 1.290 447 386 11:00:00 12:30:00 12:00:00 15:00:00
4 32 1000.000 1.396 553 570 08:00:00 09:00:00 09:00:00 11:00:00
17 20 67.000 0.069 354 574 14:00:00 15:00:00 16:00:00 19:00:00
48 20 611.000 0.812 434 335 12:00:00 13:00:00 15:00:00 17:00:00
24 21 174.000 0.223 394 348 08:30:00 09:30:00 10:30:00 11:30:00
20 30 952.000 1.060 468 512 11:00:00 12:00:00 14:00:00 16:00:00
45 47 44.000 0.056 335 447 11:30:00 12:30:00 14:30:00 17:30:00
47 45 299.000 0.157 389 555 12:00:00 13:30:00 14:00:00 16:00:00
25 3 59.000 0.056 588 398 08:00:00 09:00:00 08:00:00 09:00:00
49 33 948.000 0.547 333 352 09:00:00 11:00:00 09:00:00 12:00:00
16 35 755.000 0.839 337 478 14:00:00 16:00:00 15:00:00 16:00:00
18 46 233.000 0.236 467 568 08:00:00 09:00:00 10:00:00 11:00:00
49 15 272.000 0.250 590 307 10:30:00 12:00:00 10:30:00 11:30:00
38 46 488.000 0.321 407 585 10:00:00 11:30:00 11:00:00 12:00:00
30 6 318.000 0.308 355 573 09:00:00 11:00:00 10:00:00 11:00:00
26 35 295.000 0.368 523 406 10:30:00 12:30:00 11:30:00 14:30:00
26 5 668.000 0.594 465 361 14:00:00 15:30:00 14:00:00 16:00:00
17 36 263.000 0.169 598 503 08:30:00 10:30:00 09:30:00 10:30:00
39 22 590.000 0.880 493 590 10:30:00 11:30:00 12:30:00 13:30:00
40 37 3.000 0.004 487 486 10:30:00 12:30:00 12:30:00 15:30:00
36 35 616.000 0.800 504 374 08:30:00 10:00:00 10:30:00 11:30:00
50 10 538.000 0.726 543 362 14:00:00 16:00:00 14:00:00 17:00:00
50 46 101.000 0.051 312 342 09:00:00 11:00:00 11:00:00 14:00:00
5 16 697.000 0.497 429 513 10:30:00 11:30:00 12:30:00 13:30:00
29 2 805.000 0.972 473 344 10:30:00 12:00:00 11:30:00 13:30:00
34 25 352.000 0.441 510 514 13:30:00 15:00:00 14:30:00 17:30:00
34 28 855.000 0.522 364 596 14:00:00 15:00:00 14:00:00 16:00:00
9 37 161.000 0.210 472 338 13:00:00 14:30:00 13:00:00 14:00:00
21 37 782.000 0.478 486 312 14:00:00 15:00:00 16:00:00 17:00:00
29 45 226.000 0.304 565 438 11:30:00 13:30:00 13:30:00 14:30:00
12 50 92.000 0.102 337 518 08:00:00 10:00:00 09:00:00 11:00:00
43 16 737.000 0.590 526 354 12:30:00 14:30:00 12:30:00 15:30:00
50 37 165.000 0.206 355 383 12:30:00 14:00:00 15:30:00 17:30:00
11 20 600.000 0.821 556 323 13:30:00 15:30:00 15:30:00 18:30:00
28 35 469.000 0.245 541 581 12:30:00 14:00:00 14:30:00 16:30:00
41 27 34.000 0.042 480 558 10:00:00 11:30:00 12:00:00 13:00:00
27 40 377.000 0.297 337 457 13:30:00 15:30:00 15:30:00 18:30:00
50 36 581.000 0.367 561 352 13:00:00 15:00:00 14:00:00 16:00:00
2 47 669.000 0.586 517 356 10:00:00 11:00:00 11:00:00 14:00:00
39 19 862.000 0.959 344 573 10:30:00 12:00:00 12:30:00 14:30:00
33 6 634.000 0.531 378 411 12:30:00 13:30:00 14:30:00 16:30:00
19 35 802.000 0.700 533 336 10:30:00 11:30:00 11:30:00 13:30:00
5 41 848.000 0.538 345 495 10:00:00 11:00:00 13:00:00 16:00:00
2 4 368.000 0.514 438 516 09:00:00 11:00:00 09:00:00 11:00:00
1 33 676.000 0.654 335 349 14:00:00 15:30:00 14:00:00 17:00:00
24 44 260.000 0.241 354 336 09:00:00 11:00:00 11:00:00 13:00:00
24 28 196.000 0.237 486 371 09:30:00 11:30:00 10:30:00 11:30:00
35 46 654.000 0.572 420 411 13:00:00 14:00:00 15:00:00 17:00:00
2 25 977.000 0.917 371 514 13:00:00 15:00:00 13:00:00 16:00:00
22 11 786.000 0.905 371 511 08:30:00 09:30:00 10:30:00 12:30:00
6 8 174.000 0.185 361 354 08:00:00 09:00:00 08:00:00 11:00:00
23 29 952.000 0.775 575 300 11:00:00 12:00:00 12:00:00 13:00:00
8 44 680.000 0.412 425 393 08:30:00 10:30:00 09:30:00 12:30:00
20 35 551.000 0.744 529 560 09:00:00 10:00:00 11:00:00 13:00:00
9 32 950.000 1.270 507 403 08:00:00 10:00:00 09:00:00 12:00:00
6 40 805.000 1.088 383 445 10:30:00 11:30:00 12:30:00 13:30:00
21 15 235.000 0.326 325 400 11:00:00 12:30:00 12:00:00 13:00:00
36 10 57.000 0.073 495 403 12:30:00 14:00:00 12:30:00 13:30:00
32 23 849.000 1.189 453 315 09:30:00 10:30:00 10:30:00 12:30:00
14 41 476.000 0.296 369 356 10:00:00 11:30:00 13:00:00 15:00:00
39 38 511.000 0.464 364 478 13:30:00 15:00:00 14:30:00 17:30:00
37 48 300.000 0.217 354 408 13:30:00 15:30:00 15:30:00 17:30:00
1 39 142.000 0.170 409 403 14:00:00 15:00:00 15:00:00 16:00:00
50 21 323.000 0.312 599 557 10:00:00 11:30:00 10:00:00 11:00:00
2 3 560.000 0.291 351 334 11:00:00 13:00:00 12:00:00 15:00:00
40 27 720.000 0.745 458 403 09:00:00 10:00:00 11:00:00 12:00:00
21 16 761.000 1.113 419 467 13:00:00 14:30:00 15:00:00 17:00:00
16 46 636.000 0.749 528 336 10:30:00 12:00:00 11:30:00 14:30:00
29 8 914.000 1.236 537 326 11:00:00 13:00:00 11:00:00 14:00:00
4 22 86.000 0.073 411 322 11:30:00 12:30:00 13:30:00 15:30:00
1 37 515.000 0.533 589 364 12:00:00 13:30:00 13:00:00 16:00:00
22 41 426.000 0.350 445 428 09:30:00 11:00:00 12:30:00 15:30:00
2 1 777.000 0.684 521 305 09:00:00 11:00:00 10:00:00 11:00:00
19 22 343.000 0.440 513 514 11:30:00 13:00:00 13:30:00 16:30:00
31 48 920.000 0.723 456 407 09:00:00 10:30:00 10:00:00 13:00:00
41 25 464.000 0.526 353 505 12:30:00 14:30:00 15:30:00 18:30:00
38 19 50.000 0.055 545 553 09:30:00 11:00:00 11:30:00 13:30:00
4 9 150.000 0.099 428 515 12:30:00 14:30:00 13:30:00 14:30:00
6 43 216.000 0.162 341 360 12:30:00 13:30:00 13:30:00 15:30:00
2 22 795.000 0.621 538 575 09:30:00 11:00:00 11:30:00 12:30:00
36 26 176.000 0.124 453 349 09:30:00 10:30:00 10:30:00 13:30:00
14 15 521.000 0.723 433 303 13:30:00 15:30:00 15:30:00 18:30:00
36 34 15.000 0.016 348 356 08:30:00 09:30:00 09:30:00 11:30:00
8 34 427.000 0.331 469 428 10:30:00 12:30:00 11:30:00 12:30:00
49 16 824.000 0.812 477 500 13:30:00 15:30:00 13:30:00 15:30:00
29 19 420.000 0.609 503 546 14:00:00 16:00:00 17:00:00 19:00:00
12 40 349.000 0.422 476 460 12:00:00 14:00:00 13:00:00 15:00:00
21 46 510.000 0.692 434 302 08:00:00 10:00:00 09:00:00 12:00:00
6 28 68.000 0.042 418 360 09:00:00 10:00:00 09:00:00 12:00:00
17 37 197.000 0.192 483 473 11:00:00 12:00:00 12:00:00 13:00:00
32 26 742.000 0.756 373 436 13:30:00 15:00:00 14:30:00 15:30:00
50 44 517.000 0.692 390 578 08:00:00 09:30:00 09:00:00 10:00:00
33 17 588.000 0.306 465 333 08:30:00 09:30:00 10:30:00 13:30:00
29 17 609.000 0.833 436 443 13:30:00 15:30:00 14:30:00 16:30:00
20 4 146.000 0.118 401 440 11:00:00 12:00:00 12:00:00 15:00:00
39 38 77.000 0.055 491 579 10:00:00 11:30:00 11:00:00 12:00:00
43 6 32.000 0.022 329 468 14:00:00 15:30:00 14:00:00 16:00:00
16 50 837.000 1.101 472 414 13:30:00 14:30:00 14:30:00 17:30:00
26 39 974.000 1.007 392 514 11:00:00 13:00:00 12:00:00 13:00:00
14 9 351.000 0.418 540 317 12:00:00 14:00:00 13:00:00 14:00:00
35 5 560.000 0.735 516 328 12:00:00 14:00:00 15:00:00 17:00:00
2 38 78.000 0.109 557 336 08:30:00 10:30:00 09:30:00 11:30:00
5 27 226.000 0.215 464 398 13:30:00 14:30:00 14:30:00 17:30:00
43 25 57.000 0.053 330 354 09:00:00 11:00:00 09:00:00 11:00:00
46 38 324.000 0.225 333 380 11:00:00 12:00:00 12:00:00 13:00:00
24 37 451.000 0.549 425 312 11:00:00 12:00:00 14:00:00 16:00:00
42 36 249.000 0.369 509 453 11:00:00 12:30:00 13:00:00 15:00:00
4 10 267.000 0.205 324 373 12:30:00 14:30:00 14:30:00 17:30:00
30 27 597.000 0.620 577 382 13:00:00 15:00:00 14:00:00 17:00:00
17 27 469.000 0.243 322 412 12:30:00 14:30:00 13:30:00 16:30:00
40 41 988.000 1.218 393 462 14:00:00 15:30:00 16:00:00 18:00:00
43 3 394.000 0.416 560 497 08:30:00 10:00:00 09:30:00 12:30:00
45 36 818.000 1.174 589 501 10:30:00 12:30:00 13:30:00 16:30:00
26 18 454.000 0.330 507 530 10:30:00 12:30:00 11:30:00 14:30:00
19 31 704.000 0.359 342 484 13:00:00 14:00:00 15:00:00 16:00:00
41 1 416.000 0.566 451 455 12:00:00 13:30:00 14:00:00 15:00:00
46 12 379.000 0.261 590 393 08:00:00 09:00:00 09:00:00 10:00:00
31 24 959.000 0.698 545 456 11:00:00 13:00:00 12:00:00 15:00:00
10 18 179.000 0.245 328 574 09:00:00 10:30:00 09:00:00 10:00:00
20 43 514.000 0.425 517 385 08:30:00 10:30:00 10:30:00 12:30:00
48 1 98.000 0.100 382 542 08:00:00 09:00:00 09:00:00 10:00:00
6 30 304.000 0.347 551 522 10:00:00 11:00:00 10:00:00 13:00:00
20 45 867.000 0.885 579 394 08:00:00 09:00:00 11:00:00 13:00:00
15 16 329.000 0.427 471 464 08:30:00 10:00:00 09:30:00 11:30:00
48 1 652.000 0.329 300 569 13:30:00 14:30:00 13:30:00 16:30:00
14 23 196.000 0.147 359 300 08:00:00 09:00:00 10:00:00 13:00:00
12 25 519.000 0.666 503 431 09:30:00 10:30:00 11:30:00 12:30:00
46 11 185.000 0.169 483 371 11:30:00 13:30:00 12:30:00 13:30:00
11 35 557.000 0.554 488 331 13:30:00 14:30:00 13:30:00 15:30:00
46 35 753.000 0.729 526 409 08:00:00 09:30:00 10:00:00 12:00:00
20 43 291.000 0.199 343 430 10:30:00 12:00:00 11:30:00 13:30:00
13 46 309.000 0.200 360 505 08:00:00 09:00:00 09:00:00 10:00:00
13 46 481.000 0.483 436 379 10:00:00 11:00:00 10:00:00 12:00:00
18 33 557.000 0.679 372 533 08:30:00 10:00:00 09:30:00 12:30:00
6 50 32.000 0.030 360 369 13:00:00 15:00:00 14:00:00 15:00:00
23 42 314.000 0.400 323 307 08:30:00 10:00:00 09:30:00 11:30:00
28 10 420.000 0.424 576 428 08:30:00 09:30:00 08:30:00 10:30:00
19 3 788.000 0.484 461 392 09:30:00 11:00:00 12:30:00 13:30:00
42 21 346.000 0.224 352 583 11:00:00 12:00:00 11:00:00 12:00:00
26 50 231.000 0.215 323 504 13:00:00 14:00:00 14:00:00 17:00:00
25 21 43.000 0.037 519 596 12:30:00 14:30:00 14:30:00 15:30:00
28 29 547.000 0.791 573 481 12:00:00 14:00:00 13:00:00 14:00:00
45 46 841.000 0.569 597 438 10:30:00 12:30:00 11:30:00 13:30:00
11 19 571.000 0.592 474 352 08:30:00 10:30:00 08:30:00 09:30:00
23 22 449.000 0.672 536 339 13:00:00 14:30:00 13:00:00 15:00:00
22 7 417.000 0.369 477 368 12:00:00 13:30:00 14:00:00 16:00:00
21 14 849.000 1.001 386 401 11:00:00 12:00:00 14:00:00 17:00:00
18 15 703.000 0.482 458 545 12:00:00 14:00:00 13:00:00 14:00:00
42 37 403.000 0.594 586 378 11:00:00 12:30:00 14:00:00 17:00:00
37 28 896.000 0.549 556 589 10:00:00 12:00:00 10:00:00 13:00:00
20 1 866.000 0.730 469 382 10:00:00 11:00:00 12:00:00 15:00:00
15 42 800.000 0.648 448 580 09:30:00 11:00:00 10:30:00 11:30:00
24 29 428.000 0.614 332 325 08:00:00 09:30:00 09:00:00 11:00:00
13 3 768.000 0.533 547 570 14:00:00 15:30:00 14:00:00 16:00:00
11 23 160.000 0.084 344 397 13:30:00 15:00:00 13:30:00 16:30:00
50 10 790.000 0.438 444 557 11:30:00 13:30:00 12:30:00 15:30:00
24 12 161.000 0.214 486 374 13:30:00 15:30:00 16:30:00 17:30:00
36 2 884.000 1.307 518 525 08:30:00 10:00:00 09:30:00 10:30:00
17 35 547.000 0.581 555 391 12:30:00 14:00:00 13:30:00 14:30:00
30 29 192.000 0.253 588 335 13:30:00 14:30:00 14:30:00 16:30:00
2 37 334.000 0.358 446 515 13:00:00 15:00:00 13:00:00 16:00:00
4 24 956.000 1.019 596 487 08:30:00 10:00:00 10:30:00 12:30:00
44 16 280.000 0.284 312 368 11:30:00 12:30:00 12:30:00 13:30:00
32 19 718.000 0.774 480 557 11:30:00 13:00:00 15:30:00 17:30:00
11 31 159.000 0.097 307 579 14:00:00 16:00:00 15:00:00 17:00:00
6 23 905.000 1.048 583 338 13:30:00 15:00:00 15:30:00 16:30:00
28 31 783.000 0.522 479 469 11:30:00 12:30:00 11:30:00 13:30:00
50 8 69.000 0.045 333 536 10:00:00 11:00:00 12:00:00 13:00:00
46 38 664.000 0.572 393 453 10:30:00 12:00:00 12:30:00 13:30:00
42 24 940.000 0.962 493 568 12:30:00 14:00:00 13:30:00 14:30:00
49 40 107.000 0.113 454 499 12:30:00 13:30:00 12:30:00 15:30:00
44 22 198.000 0.127 507 430 14:00:00 15:30:00 16:00:00 19:00:00
16 31 38.000 0.028 480 476 09:30:00 10:30:00 10:30:00 12:30:00
24 10 631.000 0.779 536 594 14:00:00 15:30:00 16:00:00 18:00:00
40 35 486.000 0.606 378 490 10:00:00 12:00:00 11:00:00 14:00:00
19 3 599.000 0.587 316 493 11:00:00 12:00:00 14:00:00 15:00:00
48 36 228.000 0.215 329 546 11:00:00 13:00:00 13:00:00 16:00:00
18 15 18.000 0.025 479 474 14:00:00 15:00:00 15:00:00 16:00:00
28 12 210.000 0.188 544 419 10:00:00 11:00:00 11:00:00 14:00:00
23 50 457.000 0.674 404 474 08:30:00 10:00:00 10:30:00 13:30:00
11 50 103.000 0.074 332 513 13:00:00 15:00:00 13:00:00 15:00:00
48 22 40.000 0.034 319 325 09:30:00 11:30:00 11:30:00 14:30:00
23 9 680.000 0.668 429 303 08:00:00 10:00:00 09:00:00 11:00:00
39 35 432.000 0.451 460 354 12:00:00 14:00:00 14:00:00 15:00:00
3 10 314.000 0.197 336 405 11:30:00 12:30:00 12:30:00 14:30:00
37 4 831.000 0.946 503 590 12:30:00 14:00:00 12:30:00 14:30:00
47 20 477.000 0.606 595 538 08:00:00 09:00:00 09:00:00 10:00:00
35 7 166.000 0.218 422 413 14:00:00 15:30:00 16:00:00 19:00:00
32 7 650.000 0.406 553 552 11:30:00 13:00:00 13:30:00 16:30:00
35 11 812.000 0.866 593 344 09:00:00 10:00:00 10:00:00 12:00:00
35 17 832.000 0.612 446 384 13:30:00 15:30:00 14:30:00 16:30:00
50 17 561.000 0.343 332 482 12:30:00 14:00:00 14:30:00 16:30:00
40 36 483.000 0.419 329 528 12:00:00 14:00:00 14:00:00 16:00:00
31 27 548.000 0.456 379 332 11:00:00 13:00:00 12:00:00 15:00:00
10 31 358.000 0.251 319 431 09:30:00 11:00:00 11:30:00 13:30:00
30 42 472.000 0.665 445 340 13:00:00 14:00:00 16:00:00 18:00:00
48 30 529.000 0.372 524 545 13:00:00 14:00:00 13:00:00 16:00:00
41 8 892.000 0.813 398 489 09:30:00 11:00:00 11:30:00 14:30:00
27 34 710.000 0.868 440 311 08:00:00 09:30:00 09:00:00 10:00:00
14 45 882.000 0.594 450 396 10:30:00 11:30:00 13:30:00 15:30:00
32 14 968.000 0.657 341 344 10:00:00 11:00:00 11:00:00 14:00:00
48 42 570.000 0.788 578 303 12:00:00 13:30:00 13:00:00 14:00:00
23 26 581.000 0.823 430 316 12:30:00 14:00:00 12:30:00 13:30:00
27 48 855.000 0.647 546 468 10:00:00 12:00:00 12:00:00 14:00:00
35 37 309.000 0.368 450 549 08:00:00 09:30:00 10:00:00 13:00:00
5 46 818.000 0.867 447 465 13:00:00 14:00:00 15:00:00 18:00:00
29 31 483.000 0.352 454 476 08:00:00 09:00:00 09:00:00 11:00:00
19 20 829.000 1.203 375 561 08:00:00 10:00:00 11:00:00 13:00:00
11 32 931.000 0.852 324 558 13:00:00 14:00:00 15:00:00 17:00:00
33 28 322.000 0.432 302 527 09:00:00 11:00:00 10:00:00 13:00:00
8 7 396.000 0.211 561 367 13:30:00 15:00:00 14:30:00 16:30:00
3 42 764.000 0.996 527 406 11:30:00 13:00:00 14:30:00 17:30:00
11 27 71.000 0.051 316 342 10:30:00 12:30:00 12:30:00 14:30:00
24 29 350.000 0.290 334 564 13:30:00 15:00:00 14:30:00 17:30:00
49 28 48.000 0.050 384 505 12:30:00 13:30:00 13:30:00 14:30:00
35 20 162.000 0.217 368 328 12:00:00 13:30:00 14:00:00 15:00:00
24 26 628.000 0.761 347 366 10:30:00 11:30:00 12:30:00 15:30:00
36 48 348.000 0.291 336 368 09:30:00 11:30:00 11:30:00 12:30:00
12 44 523.000 0.719 304 424 12:00:00 14:00:00 13:00:00 15:00:00
31 41 640.000 0.705 304 440 10:00:00 12:00:00 13:00:00 15:00:00
7 21 272.000 0.233 519 455 13:30:00 15:00:00 13:30:00 15:30:00
7 35 801.000 1.078 448 303 09:00:00 10:00:00 10:00:00 11:00:00
25 35 893.000 0.730 315 359 11:30:00 13:00:00 14:30:00 16:30:00
4 42 630.000 0.532 516 485 08:30:00 10:30:00 11:30:00 14:30:00
40 5 388.000 0.569 315 522 11:30:00 13:30:00 14:30:00 15:30:00
15 47 850.000 1.259 421 391 10:30:00 12:00:00 12:30:00 14:30:00
24 18 738.000 0.646 414 506 12:30:00 13:30:00 13:30:00 14:30:00
49 21 47.000 0.063 383 563 13:30:00 15:00:00 14:30:00 15:30:00
22 48 669.000 0.361 557 501 13:00:00 14:00:00 15:00:00 16:00:00
1 26 942.000 1.172 348 576 08:00:00 10:00:00 09:00:00 11:00:00
11 41 813.000 0.857 317 577 12:30:00 14:30:00 13:30:00 15:30:00
29 11 717.000 0.908 343 347 12:00:00 13:30:00 13:00:00 14:00:00
15 18 31.000 0.039 356 526 10:00:00 11:00:00 11:00:00 12:00:00
44 47 124.000 0.084 398 332 10:30:00 12:00:00 11:30:00 12:30:00
13 11 981.000 0.788 320 448 11:30:00 13:30:00 12:30:00 15:30:00
10 1 699.000 0.361 545 327 12:00:00 14:00:00 13:00:00 14:00:00
33 45 372.000 0.233 592 549 09:30:00 10:30:00 10:30:00 11:30:00
36 3 632.000 0.465 313 347 11:00:00 13:00:00 13:00:00 14:00:00
26 23 589.000 0.513 573 360 12:00:00 14:00:00 12:00:00 13:00:00
33 45 919.000 0.655 391 422 14:00:00 15:30:00 16:00:00 18:00:00
36 31 62.000 0.068 448 474 12:00:00 13:00:00 14:00:00 17:00:00
4 3 546.000 0.591 433 470 09:00:00 10:30:00 09:00:00 11:00:00
47 31 200.000 0.178 550 339 14:00:00 15:00:00 16:00:00 17:00:00
26 36 611.000 0.583 381 391 08:30:00 10:30:00 09:30:00 12:30:00
48 33 508.000 0.652 497 396 12:00:00 13:30:00 12:00:00 13:00:00
34 10 287.000 0.331 528 497 08:00:00 10:00:00 10:00:00 11:00:00
25 45 761.000 0.412 370 448 09:00:00 11:00:00 11:00:00 14:00:00
23 4 941.000 0.817 381 448 08:30:00 09:30:00 10:30:00 12:30:00
26 27 665.000 0.644 552 500 09:30:00 11:00:00 11:30:00 13:30:00
46 17 742.000 0.800 442 329 12:30:00 13:30:00 12:30:00 15:30:00
35 7 300.000 0.214 443 434 09:00:00 10:30:00 10:00:00 13:00:00
41 40 871.000 0.956 494 499 10:00:00 12:00:00 11:00:00 12:00:00
47 19 484.000 0.608 371 407 09:30:00 11:00:00 11:30:00 12:30:00
25 9 28.000 0.026 477 523 12:00:00 14:00:00 13:00:00 14:00:00
35 13 819.000 0.473 510 584 11:30:00 13:00:00 13:30:00 16:30:00
17 5 975.000 1.366 421 360 12:30:00 14:30:00 13:30:00 14:30:00
4 33 385.000 0.335 308 508 08:30:00 09:30:00 08:30:00 11:30:00
10 11 738.000 1.019 506 455 08:00:00 10:00:00 08:00:00 10:00:00
48 23 418.000 0.420 382 428 11:30:00 13:00:00 13:30:00 14:30:00
26 33 496.000 0.728 348 405 10:00:00 11:00:00 12:00:00 15:00:00
36 13 430.000 0.265 470 372 13:30:00 15:00:00 14:30:00 16:30:00
50 15 426.000 0.587 338 546 12:30:00 14:30:00 12:30:00 15:30:00
37 42 914.000 0.890 513 443 13:00:00 15:00:00 15:00:00 16:00:00
17 46 424.000 0.582 538 349 09:00:00 10:30:00 10:00:00 11:00:00
1 37 687.000 0.798 393 555 13:00:00 14:00:00 15:00:00 18:00:00
45 2 53.000 0.065 495 448 09:00:00 11:00:00 10:00:00 11:00:00
47 2 322.000 0.314 321 567 11:30:00 12:30:00 12:30:00 13:30:00
20 47 136.000 0.185 514 454 14:00:00 16:00:00 15:00:00 16:00:00
22 7 131.000 0.140 534 454 13:00:00 14:00:00 15:00:00 16:00:00
1 17 591.000 0.427 372 423 12:30:00 14:30:00 13:30:00 15:30:00
12 47 729.000 0.994 521 509 12:30:00 14:00:00 13:30:00 16:30:00
49 26 135.000 0.169 335 500 08:00:00 09:30:00 10:00:00 12:00:00
2 28 661.000 0.517 357 591 11:00:00 12:00:00 11:00:00 12:00:00
42 14 497.000 0.556 300 422 13:00:00 14:00:00 15:00:00 17:00:00
10 12 973.000 1.384 345 564 08:30:00 09:30:00 09:30:00 11:30:00
44 31 790.000 0.879 309 423 09:00:00 10:00:00 10:00:00 13:00:00
6 38 892.000 0.608 490 567 08:30:00 10:30:00 10:30:00 13:30:00
20 14 975.000 0.776 464 523 09:30:00 11:30:00 11:30:00 12:30:00
19 41 104.000 0.077 357 416 12:30:00 14:00:00 13:30:00 16:30:00
48 49 125.000 0.107 326 340 13:30:00 14:30:00 14:30:00 15:30:00
49 1 740.000 0.539 509 440 11:30:00 13:00:00 11:30:00 12:30:00
30 9 103.000 0.135 460 306 10:00:00 11:00:00 11:00:00 13:00:00
17 4 854.000 1.154 539 375 10:00:00 11:00:00 11:00:00 14:00:00
34 35 749.000 0.545 526 309 13:00:00 14:30:00 16:00:00 19:00:00
29 14 26.000 0.027 342 560 09:00:00 10:30:00 09:00:00 11:00:00
35 16 296.000 0.158 442 375 09:00:00 10:00:00 11:00:00 12:00:00
41 15 296.000 0.304 424 371 11:30:00 13:00:00 12:30:00 15:30:00
44 12 213.000 0.295 328 316 13:00:00 14:30:00 13:00:00 16:00:00
28 13 331.000 0.254 353 348 10:00:00 11:00:00 11:00:00 12:00:00
21 2 153.000 0.148 426 496 12:30:00 14:30:00 14:30:00 15:30:00
44 36 132.000 0.164 543 582 08:00:00 09:30:00 09:00:00 11:00:00
29 34 686.000 0.985 523 465 13:30:00 14:30:00 13:30:00 15:30:00
25 2 22.000 0.021 535 354 14:00:00 15:00:00 15:00:00 18:00:00
42 27 573.000 0.830 575 412 13:30:00 14:30:00 15:30:00 17:30:00
49 13 146.000 0.200 326 425 13:30:00 14:30:00 15:30:00 16:30:00
21 25 878.000 0.901 558 545 13:30:00 15:00:00 14:30:00 15:30:00
24 9 222.000 0.270 315 460 08:30:00 10:30:00 10:30:00 11:30:00
6 1 270.000 0.255 389 369 12:00:00 13:00:00 13:00:00 15:00:00
33 20 920.000 0.673 392 302 10:30:00 12:00:00 12:30:00 13:30:00
38 49 912.000 0.576 556 519 09:00:00 11:00:00 10:00:00 13:00:00
40 24 873.000 0.488 581 430 09:00:00 10:00:00 10:00:00 12:00:00
10 15 447.000 0.459 377 456 10:00:00 11:30:00 11:00:00 13:00:00
48 17 407.000 0.417 309 354 09:00:00 10:00:00 11:00:00 14:00:00
14 36 594.000 0.596 561 418 11:30:00 13:00:00 13:30:00 16:30:00
38 44 363.000 0.295 339 367 08:00:00 09:30:00 10:00:00 13:00:00
16 6 825.000 0.819 445 424 10:30:00 12:00:00 11:30:00 12:30:00
38 49 909.000 0.823 461 499 10:00:00 11:30:00 10:00:00 12:00:00
23 17 550.000 0.582 343 385 10:30:00 11:30:00 12:30:00 13:30:00
5 42 707.000 0.609 431 465 12:30:00 14:00:00 15:30:00 16:30:00
49 15 350.000 0.374 589 354 09:00:00 10:30:00 10:00:00 13:00:00
1 38 73.000 0.090 581 575 09:30:00 11:30:00 09:30:00 11:30:00
5 10 922.000 0.744 442 458 12:30:00 14:30:00 13:30:00 15:30:00
34 37 205.000 0.152 319 517 08:00:00 09:30:00 08:00:00 10:00:00
8 6 185.000 0.178 551 364 12:00:00 13:30:00 13:00:00 16:00:00
25 2 226.000 0.254 479 467 09:30:00 11:00:00 09:30:00 11:30:00
1 41 624.000 0.844 592 408 09:00:00 10:00:00 10:00:00 11:00:00
39 33 47.000 0.050 461 323 10:30:00 11:30:00 10:30:00 11:30:00
7 6 532.000 0.415 456 433 13:00:00 15:00:00 14:00:00 16:00:00
47 16 704.000 0.494 311 385 08:30:00 09:30:00 10:30:00 12:30:00
18 42 839.000 0.710 393 486 08:00:00 09:00:00 09:00:00 11:00:00
46 23 92.000 0.123 387 496 10:00:00 12:00:00 11:00:00 13:00:00
49 9 656.000 0.825 597 438 12:30:00 14:30:00 12:30:00 14:30:00
32 35 768.000 1.114 517 307 08:00:00 09:00:00 12:00:00 14:00:00
19 23 391.000 0.359 529 477 10:30:00 12:00:00 11:30:00 13:30:00
34 13 972.000 0.762 404 591 12:30:00 14:00:00 12:30:00 14:30:00
8 41 226.000 0.299 474 372 08:30:00 10:30:00 09:30:00 11:30:00
15 10 828.000 0.479 592 482 10:30:00 12:00:00 12:30:00 14:30:00
34 39 137.000 0.167 389 409 08:30:00 10:00:00 08:30:00 10:30:00
13 45 58.000 0.063 552 539 08:30:00 10:00:00 09:30:00 10:30:00
23 29 736.000 0.427 394 496 10:00:00 12:00:00 12:00:00 14:00:00
48 43 993.000 0.653 346 571 09:00:00 11:00:00 10:00:00 12:00:00
6 1 901.000 0.853 557 337 11:00:00 13:00:00 12:00:00 15:00:00
15 13 453.000 0.553 581 565 12:30:00 13:30:00 14:30:00 16:30:00
42 22 903.000 0.696 501 422 11:00:00 13:00:00 13:00:00 15:00:00
30 1 504.000 0.730 301 438 08:00:00 10:00:00 08:00:00 11:00:00
33 26 682.000 0.821 417 498 09:30:00 11:00:00 10:30:00 11:30:00
38 48 687.000 0.381 557 579 10:00:00 12:00:00 11:00:00 13:00:00
37 13 280.000 0.191 341 559 08:00:00 09:00:00 08:00:00 11:00:00
9 3 854.000 0.941 308 478 12:30:00 14:30:00 12:30:00 13:30:00
27 2 858.000 1.024 564 569 09:00:00 10:00:00 09:00:00 11:00:00
37 41 673.000 0.602 597 490 08:30:00 10:00:00 11:30:00 12:30:00
16 37 679.000 0.547 510 579 12:00:00 13:30:00 14:00:00 16:00:00
45 33 644.000 0.658 400 310 11:30:00 13:00:00 13:30:00 14:30:00
25 37 579.000 0.652 340 534 09:30:00 11:30:00 09:30:00 11:30:00
4 33 981.000 1.068 572 520 08:00:00 09:00:00 09:00:00 11:00:00
36 22 835.000 1.246 549 531 09:00:00 10:00:00 10:00:00 12:00:00
46 35 824.000 0.668 540 523 10:00:00 11:00:00 13:00:00 15:00:00
22 18 791.000 0.434 504 501 10:00:00 12:00:00 11:00:00 12:00:00
47 15 362.000 0.331 532 342 11:30:00 12:30:00 14:30:00 15:30:00
44 12 633.000 0.765 321 464 12:30:00 14:00:00 13:30:00 15:30:00
41 25 113.000 0.096 461 527 13:00:00 14:30:00 15:00:00 17:00:00
32 41 733.000 0.496 425 544 11:30:00 12:30:00 14:30:00 17:30:00
44 43 147.000 0.200 433 456 12:30:00 13:30:00 12:30:00 13:30:00
49 6 424.000 0.602 581 322 13:30:00 15:30:00 14:30:00 17:30:00
27 40 63.000 0.071 338 327 12:00:00 14:00:00 14:00:00 17:00:00
38 21 773.000 0.519 304 391 12:00:00 14:00:00 13:00:00 14:00:00
48 18 961.000 0.826 513 376 09:30:00 11:30:00 10:30:00 12:30:00
18 4 678.000 0.543 495 438 11:30:00 13:00:00 14:30:00 15:30:00
33 39 897.000 0.715 325 362 12:30:00 14:30:00 13:30:00 14:30:00
12 29 176.000 0.152 402 599 13:30:00 15:00:00 14:30:00 17:30:00
1 33 773.000 0.999 358 542 09:30:00 11:30:00 10:30:00 13:30:00
30 42 954.000 0.739 433 416 10:00:00 11:30:00 12:00:00 15:00:00
22 30 372.000 0.355 485 545 10:00:00 12:00:00 13:00:00 15:00:00
46 3 590.000 0.633 353 536 09:00:00 10:00:00 09:00:00 10:00:00
7 19 110.000 0.088 564 367 13:00:00 15:00:00 14:00:00 16:00:00
25 48 584.000 0.404 403 414 09:00:00 10:30:00 10:00:00 11:00:00
2 33 51.000 0.067 310 549 13:00:00 14:00:00 15:00:00 16:00:00
24 4 470.000 0.553 404 344 08:30:00 10:30:00 10:30:00 12:30:00
13 30 73.000 0.072 391 522 09:00:00 11:00:00 11:00:00 14:00:00
16 49 536.000 0.418 542 455 13:00:00 14:00:00 14:00:00 16:00:00
49 45 970.000 1.415 384 348 13:30:00 15:30:00 15:30:00 17:30:00
44 32 834.000 0.768 566 549 08:30:00 10:30:00 11:30:00 13:30:00
8 12 356.000 0.193 314 394 08:30:00 10:00:00 08:30:00 09:30:00
43 16 447.000 0.442 544 333 12:30:00 14:00:00 13:30:00 16:30:00
9 4 946.000 0.741 492 591 10:30:00 12:00:00 10:30:00 13:30:00
42 29 264.000 0.304 416 414 13:00:00 14:00:00 16:00:00 18:00:00
13 5 66.000 0.066 315 523 11:30:00 12:30:00 11:30:00 12:30:00
40 16 53.000 0.064 441 351 13:00:00 14:30:00 14:00:00 15:00:00
35 25 440.000 0.353 513 401 09:00:00 11:00:00 11:00:00 14:00:00
11 21 698.000 0.517 587 311 11:30:00 13:00:00 13:30:00 14:30:00
40 49 403.000 0.509 516 448 08:30:00 09:30:00 08:30:00 11:30:00
16 3 877.000 0.453 320 516 10:30:00 12:30:00 12:30:00 14:30:00
23 18 517.000 0.570 412 511 08:30:00 09:30:00 10:30:00 11:30:00
32 39 87.000 0.061 578 488 11:30:00 12:30:00 11:30:00 12:30:00
7 3 129.000 0.103 495 310 13:30:00 14:30:00 14:30:00 15:30:00
39 1 320.000 0.396 428 303 11:00:00 12:30:00 12:00:00 14:00:00
30 12 904.000 0.549 528 379 13:30:00 15:30:00 14:30:00 16:30:00
17 11 376.000 0.223 370 378 10:30:00 12:30:00 11:30:00 13:30:00
15 34 979.000 1.054 583 316 11:00:00 12:30:00 12:00:00 15:00:00
4 30 3.000 0.002 519 504 12:30:00 14:30:00 12:30:00 15:30:00
49 2 135.000 0.122 431 326 12:30:00 14:30:00 13:30:00 15:30:00
31 21 819.000 0.778 417 523 12:00:00 14:00:00 14:00:00 16:00:00
34 35 326.000 0.405 533 401 11:00:00 12:30:00 13:00:00 16:00:00
28 26 116.000 0.119 586 529 09:30:00 11:00:00 10:30:00 13:30:00
1 44 810.000 0.974 391 473 12:00:00 13:30:00 12:00:00 13:00:00
15 37 387.000 0.422 358 565 11:00:00 12:00:00 13:00:00 14:00:00
14 40 471.000 0.562 448 321 10:30:00 11:30:00 12:30:00 15:30:00
43 37 424.000 0.384 391 570 09:00:00 10:30:00 11:00:00 13:00:00
25 15 928.000 0.603 467 331 11:30:00 13:00:00 13:30:00 14:30:00
11 23 878.000 0.612 469 506 10:00:00 11:00:00 11:00:00 14:00:00
37 6 810.000 1.203 469 508 10:00:00 11:00:00 12:00:00 13:00:00
8 43 891.000 0.916 375 409 13:00:00 15:00:00 13:00:00 16:00:00
36 7 765.000 0.922 418 322 13:30:00 15:00:00 16:30:00 19:30:00
28 10 801.000 0.630 579 524 13:30:00 14:30:00 14:30:00 17:30:00
46 24 229.000 0.208 364 378 12:30:00 13:30:00 14:30:00 16:30:00
2 35 866.000 0.727 431 424 08:30:00 10:30:00 11:30:00 12:30:00
22 21 217.000 0.117 582 477 11:30:00 13:00:00 14:30:00 16:30:00
25 19 379.000 0.468 403 343 08:30:00 10:00:00 10:30:00 13:30:00
46 40 402.000 0.301 411 302 08:00:00 09:30:00 09:00:00 11:00:00
19 12 997.000 0.950 450 405 13:30:00 14:30:00 15:30:00 18:30:00
14 10 871.000 0.853 581 341 11:30:00 13:30:00 12:30:00 14:30:00
42 37 284.000 0.211 459 528 09:30:00 11:30:00 11:30:00 14:30:00
18 44 517.000 0.355 494 513 12:00:00 13:30:00 12:00:00 14:00:00
12 47 786.000 1.095 380 342 13:00:00 14:00:00 15:00:00 18:00:00
2 27 88.000 0.085 445 414 12:00:00 13:30:00 12:00:00 14:00:00
49 48 963.000 1.119 344 395 12:30:00 14:00:00 12:30:00 15:30:00
30 44 26.000 0.035 333 395 12:30:00 14:00:00 13:30:00 14:30:00
3 27 802.000 1.165 393 472 13:30:00 15:30:00 13:30:00 14:30:00
45 11 691.000 0.521 418 562 09:00:00 10:30:00 10:00:00 13:00:00
8 25 235.000 0.255 538 379 12:00:00 13:00:00 12:00:00 14:00:00
8 22 282.000 0.367 538 424 08:30:00 09:30:00 09:30:00 11:30:00
27 45 442.000 0.465 474 361 10:30:00 11:30:00 13:30:00 14:30:00
12 30 794.000 1.048 394 391 08:30:00 09:30:00 10:30:00 12:30:00
7 26 404.000 0.526 537 586 10:00:00 11:30:00 12:00:00 13:00:00
43 47 728.000 0.531 465 570 09:30:00 11:30:00 11:30:00 13:30:00
44 45 147.000 0.111 573 411 13:00:00 15:00:00 13:00:00 15:00:00
38 5 732.000 0.701 456 573 11:00:00 12:30:00 14:00:00 17:00:00
31 35 911.000 1.080 593 505 13:30:00 15:30:00 15:30:00 17:30:00
41 43 797.000 0.585 435 437 09:00:00 11:00:00 10:00:00 13:00:00
31 17 890.000 0.909 349 516 08:30:00 10:00:00 08:30:00 11:30:00
36 43 921.000 1.142 408 470 08:30:00 10:30:00 09:30:00 11:30:00
11 35 413.000 0.368 593 509 13:30:00 15:00:00 14:30:00 17:30:00
18 44 973.000 1.390 547 458 14:00:00 16:00:00 15:00:00 18:00:00
33 31 209.000 0.163 552 308 11:30:00 13:30:00 12:30:00 15:30:00
16 42 681.000 0.998 509 560 13:00:00 14:30:00 14:00:00 17:00:00
25 37 392.000 0.219 407 569 13:30:00 14:30:00 14:30:00 17:30:00
28 33 967.000 1.245 388 561 12:30:00 14:00:00 14:30:00 17:30:00
31 39 724.000 0.533 351 474 13:00:00 14:00:00 13:00:00 15:00:00
32 6 517.000 0.393 554 554 08:00:00 09:30:00 10:00:00 11:00:00
13 31 960.000 1.259 315 544 12:30:00 13:30:00 12:30:00 15:30:00
7 38 977.000 1.307 577 351 09:00:00 10:30:00 10:00:00 13:00:00
16 27 597.000 0.406 382 446 12:00:00 13:30:00 13:00:00 15:00:00
7 20 204.000 0.221 375 466 13:00:00 14:00:00 15:00:00 17:00:00
19 27 519.000 0.302 476 320 11:30:00 13:30:00 14:30:00 16:30:00
8 6 425.000 0.235 357 568 12:00:00 13:30:00 12:00:00 14:00:00
49 11 169.000 0.216 597 424 13:00:00 15:00:00 14:00:00 15:00:00
26 18 191.000 0.221 577 405 11:30:00 12:30:00 12:30:00 14:30:00
48 31 902.000 0.956 390 550 08:30:00 10:00:00 09:30:00 12:30:00
34 16 733.000 0.420 539 470 13:00:00 14:30:00 13:00:00 16:00:00
17 7 449.000 0.568 436 452 11:30:00 12:30:00 12:30:00 14:30:00
24 8 645.000 0.467 329 327 13:30:00 15:30:00 14:30:00 15:30:00
29 20 918.000 0.690 491 300 12:00:00 14:00:00 13:00:00 15:00:00
7 6 396.000 0.257 519 404 09:00:00 11:00:00 10:00:00 13:00:00
43 9 874.000 0.794 572 325 09:00:00 11:00:00 10:00:00 11:00:00
15 45 513.000 0.619 465 319 08:30:00 10:00:00 08:30:00 11:30:00
48 30 847.000 0.634 493 335 12:00:00 13:30:00 13:00:00 14:00:00
16 10 107.000 0.085 439 552 09:30:00 11:00:00 11:30:00 14:30:00
13 44 757.000 1.107 567 570 14:00:00 16:00:00 16:00:00 18:00:00
40 26 287.000 0.426 424 585 11:30:00 13:00:00 12:30:00 14:30:00
43 23 325.000 0.351 577 393 12:00:00 13:30:00 14:00:00 17:00:00
25 45 305.000 0.407 522 324 09:30:00 10:30:00 10:30:00 11:30:00
25 5 221.000 0.267 541 519 10:00:00 11:30:00 12:00:00 14:00:00
16 4 116.000 0.063 384 557 11:30:00 12:30:00 13:30:00 16:30:00
32 16 472.000 0.489 319 466 08:00:00 09:30:00 09:00:00 11:00:00
45 49 263.000 0.148 472 431 10:30:00 12:30:00 12:30:00 14:30:00
1 20 274.000 0.370 414 344 12:00:00 13:00:00 14:00:00 16:00:00
41 44 416.000 0.461 589 442 13:30:00 14:30:00 14:30:00 17:30:00
8 23 621.000 0.748 447 404 12:00:00 14:00:00 14:00:00 16:00:00
23 49 784.000 0.590 572 523 14:00:00 15:00:00 17:00:00 19:00:00
12 43 784.000 0.441 588 496 14:00:00 15:00:00 15:00:00 18:00:00
17 41 126.000 0.107 310 349 13:30:00 14:30:00 14:30:00 16:30:00
17 9 20.000 0.015 489 410 14:00:00 16:00:00 14:00:00 17:00:00
31 33 233.000 0.303 444 455 12:00:00 13:30:00 13:00:00 14:00:00
30 26 427.000 0.235 405 398 11:30:00 13:00:00 13:30:00 14:30:00
21 26 459.000 0.441 492 469 11:00:00 12:00:00 12:00:00 15:00:00
4 40 457.000 0.658 461 328 12:00:00 13:00:00 14:00:00 15:00:00
14 49 604.000 0.629 599 311 11:30:00 13:30:00 12:30:00 14:30:00
3 33 55.000 0.049 593 356 12:00:00 13:00:00 13:00:00 14:00:00
15 38 124.000 0.167 459 503 10:30:00 11:30:00 10:30:00 12:30:00
2 47 365.000 0.343 441 399 10:00:00 12:00:00 12:00:00 13:00:00
36 2 684.000 0.404 582 362 08:30:00 10:00:00 10:30:00 12:30:00
34 10 264.000 0.385 490 537 13:00:00 15:00:00 15:00:00 17:00:00
21 39 236.000 0.219 515 301 09:30:00 11:00:00 11:30:00 14:30:00
25 35 252.000 0.357 388 563 09:00:00 11:00:00 11:00:00 12:00:00
