50
0 87 60 80 74 58 93 99 88 9 41 12 45 85 16 131 29 76 88 73 95 78 89 93 105 45 53 40 32 37 37 74 51 76 107 47 118 65 106 75 49 104 72 96 38 59 47 50 129 104
87 0 77 29 21 29 82 34 9 84 52 75 100 74 103 44 58 65 55 62 12 59 4 34 38 56 64 97 55 74 72 67 36 41 26 56 31 30 19 12 72 39 17 49 85 70 48 37 42 25
60 77 0 70 64 48 43 89 78 51 101 56 23 35 48 121 43 24 78 49 85 108 79 83 95 105 113 20 36 23 97 116 47 66 97 21 108 55 96 65 109 94 62 98 22 119 97 50 119 94
80 29 70 0 8 28 53 63 38 77 81 68 93 45 96 51 51 46 26 33 17 88 33 63 67 85 93 90 48 67 77 96 29 12 27 49 38 15 38 17 89 68 12 78 78 99 77 30 49 24
74 21 64 8 0 20 61 55 30 71 73 62 87 53 90 57 45 44 34 41 21 80 25 55 59 77 85 84 42 61 69 88 23 20 33 43 44 9 32 9 81 60 4 70 72 91 69 24 55 30
58 29 48 28 20 0 81 41 30 55 53 46 71 73 74 73 29 64 54 61 37 60 31 35 47 57 65 68 26 45 49 68 7 40 49 35 60 29 48 17 61 46 16 50 56 71 49 8 71 46
93 82 43 53 61 81 0 116 91 84 134 89 66 8 81 78 76 19 35 20 70 141 86 116 120 138 146 63 69 56 130 149 80 41 56 46 65 52 91 70 142 121 65 131 55 152 130 83 76 57
99 34 89 63 55 41 116 0 25 96 62 87 112 108 115 46 70 99 89 96 46 25 30 6 6 62 52 109 67 86 84 33 48 75 60 70 53 64 25 46 84 5 51 15 97 66 52 49 48 59
88 9 78 38 30 30 91 25 0 85 51 76 101 83 104 43 59 74 64 71 21 50 5 25 29 51 55 98 56 75 73 58 37 50 35 57 30 39 18 21 73 30 26 40 86 61 41 38 41 34
9 84 51 77 71 55 84 96 85 0 50 9 36 76 19 128 26 67 85 64 92 75 86 90 102 54 62 31 29 28 46 71 48 73 104 38 115 62 103 72 58 101 69 93 29 68 46 47 126 101
41 52 101 81 73 53 134 62 51 50 0 45 86 126 53 94 58 117 107 114 64 41 52 56 68 4 12 81 65 78 22 37 54 93 78 88 81 82 69 64 22 67 69 59 79 18 10 51 92 77
12 75 56 68 62 46 89 87 76 9 45 0 41 81 28 119 17 72 76 69 83 66 77 81 93 49 57 36 20 33 41 62 39 64 95 43 106 53 94 63 53 92 60 84 34 63 41 38 117 92
45 100 23 93 87 71 66 112 101 36 86 41 0 58 33 144 42 47 101 72 108 93 102 106 118 90 98 5 45 26 82 101 64 89 120 44 131 78 119 88 94 117 85 109 15 104 82 63 142 117
85 74 35 45 53 73 8 108 83 76 126 81 58 0 73 86 68 11 43 14 62 133 78 108 112 130 138 55 61 48 122 141 72 33 62 38 73 44 83 62 134 113 57 123 47 144 122 75 84 59
16 103 48 96 90 74 81 115 104 19 53 28 33 73 0 147 45 64 104 75 111 94 105 109 121 57 65 28 48 29 49 90 67 92 123 47 134 81 122 91 61 120 88 112 26 71 63 66 145 120
131 44 121 51 57 73 78 46 43 128 94 119 144 86 147 0 102 97 43 72 36 71 42 46 50 94 84 141 99 118 116 79 80 55 24 100 13 66 25 56 116 51 59 61 129 98 84 81 2 27
29 58 43 51 45 29 76 70 59 26 58 17 42 68 45 102 0 59 59 56 66 65 60 64 76 62 70 39 7 20 54 73 22 47 78 30 89 36 77 46 66 75 43 67 27 76 54 21 100 75
76 65 24 46 44 64 19 99 74 67 117 72 47 11 64 97 59 0 54 25 61 124 69 99 103 121 129 44 52 39 113 132 63 42 73 29 84 35 74 53 125 104 48 114 38 135 113 66 95 70
88 55 78 26 34 54 35 89 64 85 107 76 101 43 104 43 59 54 0 29 43 114 59 89 93 111 119 98 56 75 103 122 53 14 29 57 36 25 64 43 115 94 38 104 86 125 103 56 41 30
73 62 49 33 41 61 20 96 71 64 114 69 72 14 75 72 56 25 29 0 50 121 66 96 100 118 126 69 49 46 110 129 60 21 48 28 59 32 71 50 122 101 45 111 57 132 110 63 70 45
95 12 85 17 21 37 70 46 21 92 64 83 108 62 111 36 66 61 43 50 0 71 16 46 50 68 76 105 63 82 80 79 44 29 14 64 23 30 21 20 80 51 23 61 93 82 60 45 34 13
78 59 108 88 80 60 141 25 50 75 41 66 93 133 94 71 65 124 114 121 71 0 55 25 27 41 31 88 72 85 63 8 61 100 85 95 78 89 50 71 63 26 76 18 86 45 31 58 73 84
89 4 79 33 25 31 86 30 5 86 52 77 102 78 105 42 60 69 59 66 16 55 0 30 34 52 60 99 57 76 74 63 38 45 30 58 29 34 17 16 74 35 21 45 87 66 44 39 40 29
93 34 83 63 55 35 116 6 25 90 56 81 106 108 109 46 64 99 89 96 46 25 30 0 12 56 46 103 61 80 78 33 42 75 60 70 53 64 25 46 78 11 51 15 91 60 46 43 48 59
105 38 95 67 59 47 120 6 29 102 68 93 118 112 121 50 76 103 93 100 50 27 34 12 0 68 58 115 73 92 90 31 54 79 64 74 57 68 29 50 90 1 55 11 103 72 58 55 52 63
45 56 105 85 77 57 138 62 51 54 4 49 90 130 57 94 62 121 111 118 68 41 52 56 68 0 10 85 69 82 22 37 58 97 82 92 81 86 69 68 22 67 73 59 83 14 10 55 92 81
53 64 113 93 85 65 146 52 55 62 12 57 98 138 65 84 70 129 119 126 76 31 60 46 58 10 0 93 77 90 32 27 66 105 90 100 83 94 59 76 32 57 81 49 91 14 16 63 82 89
40 97 20 90 84 68 63 109 98 31 81 36 5 55 28 141 39 44 98 69 105 88 99 103 115 85 93 0 42 23 77 96 61 86 117 41 128 75 116 85 89 114 82 106 12 99 77 60 139 114
32 55 36 48 42 26 69 67 56 29 65 20 45 61 48 99 7 52 56 49 63 72 57 61 73 69 77 42 0 19 61 80 19 44 75 23 86 33 74 43 73 72 40 64 30 83 61 18 97 72
37 74 23 67 61 45 56 86 75 28 78 33 26 48 29 118 20 39 75 46 82 85 76 80 92 82 90 23 19 0 74 93 38 63 94 18 105 52 93 62 86 91 59 83 11 96 74 37 116 91
37 72 97 77 69 49 130 84 73 46 22 41 82 122 49 116 54 113 103 110 80 63 74 78 90 22 32 77 61 74 0 59 50 89 92 84 103 78 91 60 12 89 65 81 75 22 32 47 114 89
74 67 116 96 88 68 149 33 58 71 37 62 101 141 90 79 73 132 122 129 79 8 63 33 31 37 27 96 80 93 59 0 69 108 93 103 86 97 58 79 59 30 84 22 94 41 27 66 81 92
51 36 47 29 23 7 80 48 37 48 54 39 64 72 67 80 22 63 53 60 44 61 38 42 54 58 66 61 19 38 50 69 0 39 56 34 67 28 55 24 62 53 21 51 49 72 50 3 78 53
76 41 66 12 20 40 41 75 50 73 93 64 89 33 92 55 47 42 14 21 29 100 45 75 79 97 105 86 44 63 89 108 39 0 31 45 42 11 50 29 101 80 24 90 74 111 89 42 53 28
107 26 97 27 33 49 56 60 35 104 78 95 120 62 123 24 78 73 29 48 14 85 30 60 64 82 90 117 75 94 92 93 56 31 0 76 11 42 35 32 92 65 35 75 105 96 74 57 22 3
47 56 21 49 43 35 46 70 57 38 88 43 44 38 47 100 30 29 57 28 64 95 58 70 74 92 100 41 23 18 84 103 34 45 76 0 87 34 75 44 96 75 41 85 29 106 84 37 98 73
118 31 108 38 44 60 65 53 30 115 81 106 131 73 134 13 89 84 36 59 23 78 29 53 57 81 83 128 86 105 103 86 67 42 11 87 0 53 28 43 103 58 46 68 116 89 71 68 11 14
65 30 55 15 9 29 52 64 39 62 82 53 78 44 81 66 36 35 25 32 30 89 34 64 68 86 94 75 33 52 78 97 28 11 42 34 53 0 41 18 90 69 13 79 63 100 78 31 64 39
106 19 96 38 32 48 91 25 18 103 69 94 119 83 122 25 77 74 64 71 21 50 17 25 29 69 59 116 74 93 91 58 55 50 35 75 28 41 0 31 91 30 34 40 104 73 59 56 23 34
75 12 65 17 9 17 70 46 21 72 64 63 88 62 91 56 46 53 43 50 20 71 16 46 50 68 76 85 43 62 60 79 24 29 32 44 43 18 31 0 72 51 5 61 73 82 60 25 54 29
49 72 109 89 81 61 142 84 73 58 22 53 94 134 61 116 66 125 115 122 80 63 74 78 90 22 32 89 73 86 12 59 62 101 92 96 103 90 91 72 0 89 77 81 87 18 32 59 114 89
104 39 94 68 60 46 121 5 30 101 67 92 117 113 120 51 75 104 94 101 51 26 35 11 1 67 57 114 72 91 89 30 53 80 65 75 58 69 30 51 89 0 56 10 102 71 57 54 53 64
72 17 62 12 4 16 65 51 26 69 69 60 85 57 88 59 43 48 38 45 23 76 21 51 55 73 81 82 40 59 65 84 21 24 35 41 46 13 34 5 77 56 0 66 70 87 65 22 57 32
96 49 98 78 70 50 131 15 40 93 59 84 109 123 112 61 67 114 104 111 61 18 45 15 11 59 49 106 64 83 81 22 51 90 75 85 68 79 40 61 81 10 66 0 94 63 49 48 63 74
38 85 22 78 72 56 55 97 86 29 79 34 15 47 26 129 27 38 86 57 93 86 87 91 103 83 91 12 30 11 75 94 49 74 105 29 116 63 104 73 87 102 70 94 0 97 75 48 127 102
59 70 119 99 91 71 152 66 61 68 18 63 104 144 71 98 76 135 125 132 82 45 66 60 72 14 14 99 83 96 22 41 72 111 96 106 89 100 73 82 18 71 87 63 97 0 22 69 96 95
47 48 97 77 69 49 130 52 41 46 10 41 82 122 63 84 54 113 103 110 60 31 44 46 58 10 16 77 61 74 32 27 50 89 74 84 71 78 59 60 32 57 65 49 75 22 0 47 82 73
50 37 50 30 24 8 83 49 38 47 51 38 63 75 66 81 21 66 56 63 45 58 39 43 55 55 63 60 18 37 47 66 3 42 57 37 68 31 56 25 59 54 22 48 48 69 47 0 79 54
129 42 119 49 55 71 76 48 41 126 92 117 142 84 145 2 100 95 41 70 34 73 40 48 52 92 82 139 97 116 114 81 78 53 22 98 11 64 23 54 114 53 57 63 127 96 82 79 0 25
104 25 94 24 30 46 57 59 34 101 77 92 117 59 120 27 75 70 30 45 13 84 29 59 63 81 89 114 72 91 89 92 53 28 3 73 14 39 34 29 89 64 32 74 102 95 73 54 25 0
50
20 08:00:00 18:00:00 2000.000 1.888 60.000
31 07:00:00 17:00:00 5000.000 6.457 45.000
48 07:00:00 17:00:00 2500.000 3.173 70.000
48 08:00:00 18:00:00 4000.000 5.197 60.000
27 08:00:00 18:00:00 3500.000 3.589 60.000
31 08:00:00 18:00:00 3000.000 3.148 50.000
6 08:00:00 18:00:00 2000.000 1.616 70.000
22 07:00:00 17:00:00 2500.000 2.435 40.000
49 07:00:00 17:00:00 3500.000 3.743 40.000
41 08:00:00 18:00:00 3000.000 3.984 55.000
16 08:00:00 18:00:00 5000.000 4.827 55.000
40 07:00:00 17:00:00 4000.000 5.181 70.000
37 08:00:00 18:00:00 3500.000 3.687 70.000
50 08:00:00 18:00:00 4500.000 4.581 45.000
25 07:00:00 17:00:00 4000.000 4.155 45.000
1 07:00:00 17:00:00 3500.000 4.200 45.000
28 08:00:00 18:00:00 5000.000 4.063 40.000
41 07:00:00 17:00:00 4500.000 4.026 60.000
7 07:00:00 17:00:00 3500.000 3.703 65.000
7 07:00:00 17:00:00 4000.000 2.923 55.000
26 08:00:00 18:00:00 5000.000 5.677 60.000
23 08:00:00 18:00:00 2500.000 1.952 45.000
27 07:00:00 17:00:00 5000.000 4.780 45.000
46 07:00:00 17:00:00 2500.000 2.980 40.000
22 07:00:00 17:00:00 3000.000 3.308 45.000
37 08:00:00 18:00:00 3000.000 2.680 70.000
40 08:00:00 18:00:00 4000.000 3.333 50.000
12 07:00:00 17:00:00 3500.000 3.876 55.000
27 08:00:00 18:00:00 3000.000 2.012 55.000
16 08:00:00 18:00:00 2500.000 1.888 70.000
2 07:00:00 17:00:00 4500.000 3.894 40.000
41 07:00:00 17:00:00 2000.000 1.600 45.000
20 08:00:00 18:00:00 2000.000 1.988 65.000
38 07:00:00 17:00:00 3000.000 3.262 40.000
43 08:00:00 18:00:00 4500.000 5.532 55.000
13 07:00:00 17:00:00 4000.000 4.221 65.000
16 07:00:00 17:00:00 4500.000 5.520 45.000
34 08:00:00 18:00:00 3500.000 2.431 45.000
41 07:00:00 17:00:00 3000.000 3.488 45.000
24 08:00:00 18:00:00 4500.000 3.597 55.000
41 07:00:00 17:00:00 4500.000 5.043 45.000
15 07:00:00 17:00:00 3500.000 4.121 40.000
47 07:00:00 17:00:00 4000.000 2.928 65.000
20 07:00:00 17:00:00 2000.000 1.368 50.000
43 08:00:00 18:00:00 5000.000 5.143 70.000
30 08:00:00 18:00:00 3500.000 4.643 50.000
12 08:00:00 18:00:00 4000.000 3.405 40.000
36 07:00:00 17:00:00 4500.000 4.776 45.000
5 07:00:00 17:00:00 3500.000 3.876 50.000
41 07:00:00 17:00:00 2500.000 2.715 40.000
1000
40 5 70.000 0.088 576 548 12:00:00 14:00:00 13:00:00 15:00:00
18 5 148.000 0.178 384 353 09:00:00 10:30:00 10:00:00 13:00:00
45 4 816.000 0.504 422 346 09:00:00 10:30:00 11:00:00 13:00:00
32 12 329.000 0.410 490 419 14:00:00 16:00:00 15:00:00 16:00:00
29 23 322.000 0.428 481 359 09:30:00 11:00:00 10:30:00 11:30:00
6 33 430.000 0.481 589 468 12:30:00 13:30:00 13:30:00 14:30:00
26 32 888.000 0.498 543 569 09:00:00 10:30:00 10:00:00 12:00:00
35 2 431.000 0.227 387 548 13:00:00 14:00:00 14:00:00 16:00:00
32 43 597.000 0.564 360 545 12:00:00 13:30:00 14:00:00 15:00:00
47 17 289.000 0.279 329 419 09:30:00 11:00:00 10:30:00 13:30:00
40 35 860.000 0.768 463 306 13:30:00 15:30:00 13:30:00 14:30:00
37 27 630.000 0.540 517 313 09:00:00 10:30:00 11:00:00 12:00:00
16 33 227.000 0.284 374 352 14:00:00 15:00:00 16:00:00 17:00:00
39 30 294.000 0.264 399 368 13:00:00 15:00:00 14:00:00 17:00:00
35 42 941.000 0.647 538 487 13:00:00 14:00:00 14:00:00 17:00:00
42 10 274.000 0.319 412 388 08:00:00 09:30:00 11:00:00 14:00:00
49 3 83.000 0.122 367 498 08:00:00 09:30:00 11:00:00 12:00:00
18 16 368.000 0.254 480 473 08:30:00 10:30:00 10:30:00 12:30:00
23 16 426.000 0.260 306 554 13:30:00 15:30:00 14:30:00 16:30:00
8 14 503.000 0.451 390 316 12:30:00 14:30:00 15:30:00 17:30:00
18 40 446.000 0.439 404 361 12:00:00 14:00:00 13:00:00 15:00:00
13 41 181.000 0.164 551 550 13:30:00 15:30:00 14:30:00 17:30:00
40 41 336.000 0.216 309 525 12:00:00 13:00:00 14:00:00 17:00:00
35 14 92.000 0.095 479 507 13:00:00 15:00:00 14:00:00 17:00:00
24 30 32.000 0.045 318 586 08:30:00 09:30:00 09:30:00 12:30:00
27 29 274.000 0.165 504 383 11:30:00 13:30:00 13:30:00 16:30:00
44 18 469.000 0.350 343 547 12:30:00 14:00:00 15:30:00 16:30:00
50 38 896.000 1.004 307 368 11:00:00 12:00:00 12:00:00 14:00:00
17 44 108.000 0.092 475 518 10:30:00 12:00:00 11:30:00 14:30:00
30 15 308.000 0.242 325 400 14:00:00 15:30:00 15:00:00 18:00:00
11 6 975.000 0.923 457 350 12:30:00 13:30:00 14:30:00 16:30:00
27 40 234.000 0.164 347 351 10:00:00 11:00:00 12:00:00 15:00:00
20 37 880.000 0.898 352 528 13:00:00 14:30:00 15:00:00 18:00:00
35 48 888.000 1.204 544 355 11:00:00 12:00:00 12:00:00 13:00:00
4 50 942.000 1.161 429 561 08:30:00 10:30:00 09:30:00 11:30:00
8 32 137.000 0.124 574 450 10:30:00 11:30:00 10:30:00 12:30:00
49 7 54.000 0.031 392 307 13:30:00 15:30:00 14:30:00 17:30:00
40 23 164.000 0.160 347 401 12:00:00 14:00:00 13:00:00 14:00:00
26 50 390.000 0.259 388 395 13:30:00 14:30:00 14:30:00 16:30:00
3 14 693.000 0.597 566 408 10:30:00 11:30:00 10:30:00 13:30:00
27 21 189.000 0.103 356 554 10:00:00 11:00:00 12:00:00 14:00:00
25 14 684.000 0.727 449 597 13:30:00 14:30:00 16:30:00 17:30:00
40 11 894.000 0.780 519 354 10:30:00 11:30:00 12:30:00 14:30:00
49 17 252.000 0.195 444 356 11:00:00 12:00:00 14:00:00 16:00:00
40 1 286.000 0.273 481 491 09:30:00 11:30:00 10:30:00 12:30:00
34 17 958.000 0.514 531 599 10:00:00 11:30:00 11:00:00 13:00:00
7 1 859.000 1.161 403 314 08:30:00 10:00:00 10:30:00 13:30:00
24 7 663.000 0.612 376 563 13:30:00 14:30:00 15:30:00 18:30:00
37 49 264.000 0.392 572 544 09:30:00 11:00:00 09:30:00 11:30:00
50 24 894.000 1.036 339 367 09:30:00 10:30:00 11:30:00 14:30:00
30 42 406.000 0.400 421 579 10:30:00 12:30:00 11:30:00 14:30:00
29 35 898.000 1.092 470 427 08:00:00 09:00:00 10:00:00 11:00:00
36 38 204.000 0.212 379 321 09:00:00 10:30:00 09:00:00 12:00:00
1 3 859.000 0.805 380 311 09:00:00 10:30:00 11:00:00 13:00:00
41 2 906.000 0.844 586 462 13:00:00 14:00:00 15:00:00 16:00:00
25 37 95.000 0.111 470 545 11:00:00 13:00:00 13:00:00 14:00:00
31 34 786.000 0.527 317 508 08:00:00 10:00:00 09:00:00 11:00:00
43 2 536.000 0.639 408 353 08:30:00 09:30:00 09:30:00 10:30:00
47 7 383.000 0.337 432 464 12:00:00 13:30:00 14:00:00 16:00:00
14 25 459.000 0.271 341 336 10:00:00 12:00:00 13:00:00 15:00:00
48 1 794.000 0.528 333 583 14:00:00 15:00:00 16:00:00 19:00:00
28 14 716.000 0.663 580 539 13:30:00 14:30:00 15:30:00 18:30:00
4 28 922.000 1.303 375 441 09:30:00 10:30:00 10:30:00 13:30:00
31 20 103.000 0.057 489 335 09:00:00 10:30:00 11:00:00 13:00:00
17 47 907.000 0.738 552 498 10:00:00 11:30:00 11:00:00 12:00:00
19 31 274.000 0.147 572 384 14:00:00 16:00:00 17:00:00 20:00:00
34 43 650.000 0.415 497 486 09:00:00 10:30:00 10:00:00 12:00:00
2 27 841.000 0.981 441 572 10:30:00 12:30:00 11:30:00 13:30:00
29 38 863.000 0.971 599 414 10:00:00 12:00:00 11:00:00 13:00:00
9 19 689.000 0.746 493 582 12:00:00 13:30:00 13:00:00 15:00:00
36 16 804.000 0.777 323 580 12:00:00 14:00:00 14:00:00 16:00:00
15 49 985.000 0.853 486 519 13:00:00 14:00:00 16:00:00 17:00:00
29 2 813.000 1.005 573 419 13:00:00 14:00:00 15:00:00 17:00:00
28 16 981.000 0.554 449 574 08:00:00 09:00:00 11:00:00 13:00:00
18 39 280.000 0.214 406 596 09:30:00 10:30:00 10:30:00 12:30:00
22 49 565.000 0.297 548 407 09:30:00 11:30:00 10:30:00 12:30:00
28 45 302.000 0.419 399 343 11:00:00 13:00:00 11:00:00 12:00:00
12 28 117.000 0.144 490 550 14:00:00 15:00:00 15:00:00 16:00:00
31 22 514.000 0.652 590 313 13:00:00 14:30:00 14:00:00 16:00:00
10 25 85.000 0.103 387 525 14:00:00 15:30:00 17:00:00 19:00:00
3 11 816.000 1.123 356 343 08:00:00 10:00:00 10:00:00 12:00:00
7 49 572.000 0.766 470 512 09:30:00 11:00:00 11:30:00 13:30:00
26 24 223.000 0.167 489 327 09:30:00 11:30:00 11:30:00 12:30:00
35 25 296.000 0.421 596 479 11:30:00 12:30:00 13:30:00 14:30:00
25 16 57.000 0.040 454 345 11:00:00 12:00:00 13:00:00 16:00:00
7 48 282.000 0.247 364 331 08:00:00 10:00:00 09:00:00 11:00:00
18 37 575.000 0.742 483 356 10:00:00 12:00:00 12:00:00 14:00:00
14 27 689.000 0.511 434 414 12:30:00 13:30:00 15:30:00 17:30:00
36 41 802.000 0.686 352 549 12:00:00 13:00:00 14:00:00 16:00:00
18 40 265.000 0.241 508 302 13:30:00 15:00:00 15:30:00 16:30:00
49 9 13.000 0.014 458 452 14:00:00 15:00:00 14:00:00 16:00:00
11 41 563.000 0.626 559 513 08:30:00 09:30:00 09:30:00 11:30:00
42 27 783.000 0.775 390 576 12:00:00 13:00:00 13:00:00 16:00:00
15 21 641.000 0.488 360 312 08:30:00 09:30:00 10:30:00 12:30:00
26 34 477.000 0.651 539 407 11:30:00 13:00:00 12:30:00 13:30:00
19 8 248.000 0.256 562 414 14:00:00 16:00:00 15:00:00 18:00:00
22 44 119.000 0.163 562 536 14:00:00 15:00:00 15:00:00 18:00:00
28 41 925.000 0.741 433 580 12:00:00 13:30:00 13:00:00 16:00:00
46 50 209.000 0.233 554 472 09:30:00 10:30:00 10:30:00 11:30:00
13 24 181.000 0.126 453 384 13:30:00 15:30:00 16:30:00 19:30:00
24 35 52.000 0.042 522 434 10:30:00 11:30:00 11:30:00 13:30:00
14 28 703.000 1.022 428 381 10:00:00 11:00:00 11:00:00 13:00:00
17 37 693.000 0.825 364 519 11:00:00 12:00:00 13:00:00 15:00:00
1 44 620.000 0.396 421 493 10:30:00 12:30:00 11:30:00 13:30:00
43 25 406.000 0.553 442 585 14:00:00 15:00:00 16:00:00 19:00:00
45 31 2.000 0.003 439 453 10:30:00 12:00:00 12:30:00 15:30:00
46 34 771.000 0.529 590 478 11:30:00 13:30:00 13:30:00 15:30:00
42 16 685.000 0.666 537 484 12:00:00 13:30:00 14:00:00 16:00:00
32 26 584.000 0.318 534 372 11:00:00 12:30:00 11:00:00 13:00:00
47 13 231.000 0.214 538 547 13:00:00 15:00:00 14:00:00 16:00:00
44 15 313.000 0.297 537 496 12:00:00 13:30:00 15:00:00 16:00:00
12 1 184.000 0.098 467 416 09:30:00 11:30:00 10:30:00 11:30:00
42 26 985.000 0.919 369 328 11:00:00 12:30:00 12:00:00 14:00:00
16 13 977.000 0.805 370 301 10:00:00 11:00:00 12:00:00 15:00:00
10 6 518.000 0.655 568 585 10:30:00 11:30:00 11:30:00 14:30:00
44 4 316.000 0.417 542 446 11:30:00 12:30:00 12:30:00 13:30:00
3 48 365.000 0.225 434 553 14:00:00 15:30:00 15:00:00 17:00:00
36 1 706.000 1.015 369 405 13:30:00 15:00:00 13:30:00 14:30:00
31 41 432.000 0.340 578 409 13:30:00 15:30:00 13:30:00 15:30:00
50 7 727.000 0.898 494 431 12:00:00 14:00:00 14:00:00 16:00:00
7 31 161.000 0.166 588 592 13:00:00 14:30:00 15:00:00 16:00:00
19 31 585.000 0.566 393 362 13:00:00 14:30:00 15:00:00 16:00:00
37 4 361.000 0.412 569 433 11:00:00 12:30:00 11:00:00 12:00:00
21 6 575.000 0.435 555 361 11:30:00 12:30:00 12:30:00 15:30:00
20 30 189.000 0.097 586 532 10:00:00 11:30:00 10:00:00 13:00:00
35 3 529.000 0.379 321 586 11:30:00 13:00:00 12:30:00 13:30:00
45 25 82.000 0.052 546 582 09:00:00 11:00:00 11:00:00 14:00:00
18 9 830.000 1.072 371 478 12:00:00 13:00:00 13:00:00 16:00:00
49 37 713.000 0.953 498 317 13:30:00 15:00:00 14:30:00 16:30:00
44 48 415.000 0.223 551 567 08:30:00 10:30:00 09:30:00 10:30:00
47 14 517.000 0.314 505 367 10:00:00 11:00:00 13:00:00 16:00:00
18 19 371.000 0.335 558 351 08:00:00 09:30:00 10:00:00 11:00:00
41 30 961.000 1.004 535 538 13:30:00 15:30:00 15:30:00 17:30:00
35 48 276.000 0.189 550 591 08:00:00 10:00:00 09:00:00 12:00:00
28 9 375.000 0.456 545 466 13:00:00 15:00:00 15:00:00 18:00:00
39 14 170.000 0.182 460 327 09:00:00 10:00:00 11:00:00 12:00:00
42 11 255.000 0.316 518 553 09:30:00 11:00:00 11:30:00 12:30:00
45 24 166.000 0.139 327 503 11:30:00 12:30:00 13:30:00 16:30:00
28 50 20.000 0.013 576 569 11:30:00 13:00:00 13:30:00 14:30:00
21 24 896.000 0.671 330 366 12:00:00 13:00:00 12:00:00 14:00:00
6 43 229.000 0.329 435 532 13:00:00 14:00:00 14:00:00 16:00:00
19 12 420.000 0.578 554 504 13:30:00 14:30:00 14:30:00 16:30:00
33 18 817.000 1.162 542 485 10:00:00 12:00:00 12:00:00 15:00:00
30 40 234.000 0.291 526 382 09:30:00 10:30:00 11:30:00 13:30:00
49 27 620.000 0.541 312 583 10:30:00 12:30:00 11:30:00 13:30:00
28 44 87.000 0.068 366 378 12:00:00 13:30:00 15:00:00 17:00:00
21 6 351.000 0.515 317 404 11:00:00 13:00:00 12:00:00 13:00:00
43 42 831.000 1.227 312 381 12:30:00 13:30:00 14:30:00 15:30:00
47 36 996.000 1.262 474 489 09:30:00 11:00:00 11:30:00 13:30:00
35 6 217.000 0.219 450 379 14:00:00 15:30:00 15:00:00 18:00:00
25 40 856.000 0.870 452 365 08:30:00 10:30:00 09:30:00 10:30:00
34 28 734.000 0.538 442 460 14:00:00 15:00:00 16:00:00 19:00:00
14 33 272.000 0.379 496 439 08:00:00 09:00:00 10:00:00 13:00:00
38 32 394.000 0.456 497 410 13:30:00 15:30:00 14:30:00 15:30:00
32 39 513.000 0.686 593 329 11:00:00 12:30:00 12:00:00 14:00:00
41 17 337.000 0.367 512 411 11:00:00 12:30:00 12:00:00 13:00:00
16 25 177.000 0.116 494 555 09:30:00 11:00:00 11:30:00 13:30:00
30 11 388.000 0.522 329 503 12:00:00 13:00:00 14:00:00 17:00:00
36 47 193.000 0.176 312 484 14:00:00 15:00:00 16:00:00 19:00:00
20 43 21.000 0.021 336 342 11:00:00 12:00:00 12:00:00 13:00:00
4 35 740.000 0.671 427 493 14:00:00 15:30:00 14:00:00 16:00:00
18 39 16.000 0.009 542 527 10:00:00 12:00:00 12:00:00 15:00:00
25 33 934.000 1.394 574 353 13:30:00 15:00:00 14:30:00 15:30:00
27 31 488.000 0.702 407 447 13:00:00 15:00:00 14:00:00 17:00:00
46 37 309.000 0.400 312 450 11:30:00 13:00:00 13:30:00 15:30:00
15 4 441.000 0.417 499 472 14:00:00 15:00:00 16:00:00 19:00:00
19 26 169.000 0.218 517 562 08:00:00 09:30:00 10:00:00 12:00:00
17 22 903.000 1.019 357 543 10:00:00 12:00:00 12:00:00 13:00:00
48 23 766.000 0.515 505 577 11:00:00 13:00:00 12:00:00 15:00:00
5 7 454.000 0.590 346 423 08:00:00 10:00:00 09:00:00 12:00:00
1 17 984.000 1.039 379 403 08:30:00 09:30:00 08:30:00 09:30:00
46 31 75.000 0.097 327 303 11:30:00 13:30:00 11:30:00 12:30:00
33 12 653.000 0.655 588 344 08:30:00 10:00:00 09:30:00 10:30:00
49 3 283.000 0.422 389 534 12:00:00 14:00:00 14:00:00 17:00:00
2 36 584.000 0.336 333 526 12:30:00 14:00:00 14:30:00 17:30:00
19 47 249.000 0.254 496 354 12:30:00 14:30:00 14:30:00 15:30:00
42 29 733.000 0.388 473 370 09:00:00 10:30:00 11:00:00 13:00:00
45 5 341.000 0.318 378 370 13:00:00 14:00:00 14:00:00 15:00:00
46 15 136.000 0.158 499 526 08:30:00 10:30:00 10:30:00 12:30:00
16 27 906.000 1.017 377 340 13:30:00 14:30:00 15:30:00 17:30:00
17 45 338.000 0.428 455 374 08:00:00 10:00:00 08:00:00 11:00:00
25 32 777.000 0.476 376 311 11:00:00 12:30:00 12:00:00 14:00:00
43 33 934.000 0.709 527 548 08:00:00 09:00:00 09:00:00 10:00:00
24 45 285.000 0.302 374 484 09:30:00 11:30:00 11:30:00 13:30:00
11 43 432.000 0.250 481 493 13:30:00 14:30:00 15:30:00 18:30:00
1 38 966.000 0.696 431 311 13:00:00 14:00:00 14:00:00 16:00:00
26 41 199.000 0.279 531 305 12:00:00 13:30:00 12:00:00 14:00:00
27 42 529.000 0.437 555 412 11:30:00 13:30:00 12:30:00 14:30:00
26 19 77.000 0.092 394 327 11:30:00 13:00:00 13:30:00 14:30:00
47 44 318.000 0.426 344 571 09:00:00 10:00:00 10:00:00 11:00:00
14 43 212.000 0.237 594 498 12:00:00 14:00:00 14:00:00 16:00:00
16 10 171.000 0.192 516 364 11:00:00 12:30:00 14:00:00 17:00:00
34 24 218.000 0.305 426 387 12:00:00 14:00:00 14:00:00 15:00:00
33 13 970.000 1.005 490 454 08:00:00 10:00:00 10:00:00 12:00:00
20 14 760.000 0.445 331 495 08:30:00 10:00:00 09:30:00 10:30:00
12 42 246.000 0.172 372 582 09:00:00 10:30:00 11:00:00 13:00:00
22 9 887.000 0.466 466 354 09:00:00 10:30:00 10:00:00 11:00:00
24 10 547.000 0.699 415 311 08:30:00 10:30:00 09:30:00 10:30:00
32 25 3.000 0.004 514 416 08:00:00 09:00:00 08:00:00 10:00:00
25 36 958.000 1.154 582 485 11:30:00 12:30:00 13:30:00 15:30:00
41 38 332.000 0.279 379 328 12:00:00 14:00:00 14:00:00 16:00:00
48 32 977.000 1.340 385 495 13:00:00 15:00:00 15:00:00 18:00:00
25 31 273.000 0.163 501 463 14:00:00 15:30:00 16:00:00 17:00:00
22 21 451.000 0.321 528 337 08:30:00 09:30:00 09:30:00 12:30:00
16 38 24.000 0.016 440 511 13:30:00 15:30:00 15:30:00 17:30:00
4 39 752.000 0.641 405 573 09:00:00 10:00:00 09:00:00 10:00:00
12 6 276.000 0.291 448 433 14:00:00 15:30:00 14:00:00 17:00:00
9 27 748.000 1.079 330 453 10:30:00 12:30:00 11:30:00 14:30:00
19 14 837.000 1.052 391 542 10:30:00 12:00:00 10:30:00 11:30:00
47 35 694.000 1.003 459 465 12:00:00 13:30:00 13:00:00 16:00:00
44 18 934.000 0.605 561 336 10:30:00 11:30:00 13:30:00 15:30:00
28 50 562.000 0.633 493 461 09:30:00 11:00:00 12:30:00 13:30:00
42 50 314.000 0.182 588 312 09:30:00 10:30:00 11:30:00 13:30:00
43 1 270.000 0.342 323 349 10:30:00 12:00:00 11:30:00 13:30:00
24 48 319.000 0.216 305 407 12:30:00 13:30:00 12:30:00 15:30:00
15 1 801.000 1.025 573 496 09:30:00 11:30:00 10:30:00 12:30:00
15 46 576.000 0.666 343 382 11:30:00 13:30:00 12:30:00 14:30:00
16 34 696.000 0.894 530 531 09:00:00 11:00:00 11:00:00 13:00:00
12 24 229.000 0.121 473 446 13:30:00 14:30:00 14:30:00 15:30:00
43 41 275.000 0.294 350 555 11:00:00 12:30:00 13:00:00 15:00:00
24 3 710.000 0.719 385 401 09:30:00 11:00:00 11:30:00 14:30:00
36 26 671.000 0.486 404 333 09:30:00 11:30:00 11:30:00 12:30:00
49 7 231.000 0.156 431 381 10:30:00 12:30:00 11:30:00 13:30:00
2 8 17.000 0.022 545 411 11:00:00 13:00:00 12:00:00 14:00:00
37 1 879.000 0.476 431 580 12:30:00 14:30:00 14:30:00 17:30:00
19 26 320.000 0.348 399 584 11:00:00 13:00:00 13:00:00 14:00:00
42 35 571.000 0.730 537 316 10:00:00 11:00:00 12:00:00 15:00:00
30 2 748.000 0.806 447 465 11:30:00 12:30:00 12:30:00 14:30:00
24 46 967.000 1.167 403 311 08:30:00 10:00:00 10:30:00 12:30:00
17 26 831.000 0.773 514 528 10:00:00 11:00:00 12:00:00 13:00:00
38 31 278.000 0.265 317 529 11:00:00 13:00:00 13:00:00 14:00:00
47 34 812.000 0.853 566 597 09:00:00 10:30:00 10:00:00 11:00:00
8 15 13.000 0.016 531 423 13:30:00 14:30:00 16:30:00 17:30:00
49 50 285.000 0.241 471 330 10:00:00 11:00:00 10:00:00 11:00:00
36 28 286.000 0.278 413 313 09:00:00 10:30:00 10:00:00 13:00:00
34 5 198.000 0.223 555 419 11:30:00 13:30:00 12:30:00 15:30:00
8 44 456.000 0.664 474 499 11:00:00 12:30:00 11:00:00 14:00:00
33 18 149.000 0.213 561 419 12:00:00 14:00:00 13:00:00 14:00:00
27 4 74.000 0.048 467 393 08:00:00 10:00:00 10:00:00 13:00:00
12 34 797.000 1.007 313 413 09:00:00 10:30:00 11:00:00 12:00:00
22 45 402.000 0.486 542 467 12:00:00 13:30:00 13:00:00 16:00:00
50 28 970.000 0.726 466 509 14:00:00 16:00:00 16:00:00 19:00:00
12 38 457.000 0.276 333 595 12:30:00 14:00:00 14:30:00 17:30:00
25 44 959.000 0.659 467 592 13:30:00 15:00:00 13:30:00 15:30:00
2 36 705.000 0.643 440 597 11:00:00 12:30:00 13:00:00 16:00:00
30 37 405.000 0.471 303 571 09:30:00 11:00:00 12:30:00 15:30:00
46 3 110.000 0.088 470 314 09:30:00 10:30:00 12:30:00 13:30:00
35 7 161.000 0.163 577 554 10:30:00 12:30:00 11:30:00 14:30:00
49 46 907.000 1.213 520 333 13:00:00 15:00:00 15:00:00 17:00:00
34 47 198.000 0.188 387 516 09:30:00 11:00:00 10:30:00 13:30:00
33 22 284.000 0.160 538 469 08:30:00 10:30:00 10:30:00 11:30:00
41 1 711.000 0.438 369 588 11:00:00 12:30:00 11:00:00 14:00:00
12 46 642.000 0.580 308 549 09:30:00 11:00:00 11:30:00 14:30:00
16 2 867.000 0.483 421 358 12:00:00 13:30:00 13:00:00 14:00:00
34 12 76.000 0.073 516 540 13:00:00 14:00:00 14:00:00 15:00:00
41 1 529.000 0.463 381 557 10:30:00 11:30:00 11:30:00 14:30:00
36 30 563.000 0.682 547 545 09:30:00 11:30:00 10:30:00 11:30:00
21 49 349.000 0.210 377 539 09:00:00 11:00:00 09:00:00 10:00:00
26 10 726.000 0.977 393 383 10:30:00 12:00:00 12:30:00 14:30:00
50 26 828.000 0.896 377 404 10:00:00 12:00:00 11:00:00 12:00:00
3 8 271.000 0.180 301 432 08:30:00 10:30:00 09:30:00 11:30:00
33 47 540.000 0.698 362 391 08:00:00 09:30:00 09:00:00 10:00:00
38 31 589.000 0.759 513 304 13:00:00 14:30:00 15:00:00 16:00:00
28 6 775.000 1.056 435 330 13:00:00 14:30:00 14:00:00 15:00:00
15 23 323.000 0.285 551 560 09:00:00 11:00:00 12:00:00 14:00:00
41 13 313.000 0.168 354 395 10:00:00 11:00:00 12:00:00 14:00:00
45 46 585.000 0.715 525 508 09:30:00 10:30:00 10:30:00 13:30:00
40 19 879.000 1.293 491 387 08:30:00 09:30:00 09:30:00 11:30:00
1 45 49.000 0.028 457 446 11:00:00 12:00:00 11:00:00 12:00:00
50 22 107.000 0.111 561 399 09:30:00 10:30:00 10:30:00 11:30:00
41 5 204.000 0.196 515 403 08:00:00 10:00:00 10:00:00 11:00:00
41 33 452.000 0.587 388 445 11:00:00 12:30:00 13:00:00 14:00:00
26 13 446.000 0.492 338 507 13:30:00 14:30:00 15:30:00 16:30:00
47 21 514.000 0.770 318 509 11:30:00 12:30:00 12:30:00 15:30:00
21 41 150.000 0.093 585 551 13:30:00 15:00:00 14:30:00 17:30:00
46 20 114.000 0.148 573 339 11:30:00 13:00:00 14:30:00 16:30:00
47 46 330.000 0.419 568 481 08:00:00 09:30:00 09:00:00 10:00:00
21 4 991.000 0.918 568 527 10:30:00 11:30:00 10:30:00 11:30:00
34 43 698.000 0.709 479 585 09:00:00 10:30:00 09:00:00 11:00:00
39 20 378.000 0.388 577 504 09:30:00 11:00:00 10:30:00 12:30:00
41 38 515.000 0.685 413 338 13:00:00 14:00:00 15:00:00 16:00:00
14 7 170.000 0.238 319 301 11:00:00 13:00:00 11:00:00 13:00:00
16 9 313.000 0.286 484 332 09:00:00 10:00:00 10:00:00 12:00:00
22 19 837.000 0.949 418 325 08:30:00 10:30:00 11:30:00 13:30:00
11 2 816.000 0.956 569 538 13:30:00 14:30:00 15:30:00 18:30:00
43 45 849.000 1.261 514 456 13:30:00 14:30:00 14:30:00 15:30:00
49 15 366.000 0.206 583 382 08:30:00 10:00:00 10:30:00 11:30:00
42 32 360.000 0.498 338 335 14:00:00 16:00:00 14:00:00 15:00:00
25 48 654.000 0.850 514 572 14:00:00 15:00:00 15:00:00 18:00:00
20 49 918.000 0.937 545 528 09:00:00 10:30:00 11:00:00 12:00:00
26 32 662.000 0.616 553 420 08:30:00 10:30:00 09:30:00 10:30:00
35 8 281.000 0.221 579 327 11:00:00 13:00:00 13:00:00 15:00:00
49 23 25.000 0.034 356 523 08:30:00 10:00:00 09:30:00 11:30:00
2 17 439.000 0.302 511 425 11:30:00 13:00:00 13:30:00 16:30:00
48 30 631.000 0.898 499 441 12:30:00 14:30:00 12:30:00 15:30:00
6 1 577.000 0.757 512 324 08:30:00 10:00:00 09:30:00 12:30:00
42 34 295.000 0.301 442 561 11:00:00 12:00:00 12:00:00 14:00:00
27 14 546.000 0.440 511 307 11:00:00 12:30:00 13:00:00 14:00:00
39 21 768.000 1.037 566 395 10:30:00 12:00:00 10:30:00 11:30:00
1 23 652.000 0.723 495 414 12:00:00 13:30:00 14:00:00 15:00:00
22 38 804.000 0.683 383 510 09:00:00 10:30:00 10:00:00 11:00:00
7 1 516.000 0.694 406 429 13:30:00 14:30:00 15:30:00 17:30:00
25 38 805.000 1.035 526 561 13:00:00 14:30:00 14:00:00 15:00:00
12 20 136.000 0.086 466 574 09:30:00 10:30:00 10:30:00 11:30:00
4 29 748.000 0.901 491 395 09:30:00 11:30:00 09:30:00 10:30:00
38 18 464.000 0.695 305 583 12:30:00 14:00:00 13:30:00 14:30:00
21 30 253.000 0.226 363 475 10:30:00 12:30:00 12:30:00 14:30:00
38 3 74.000 0.088 333 302 12:00:00 14:00:00 13:00:00 15:00:00
30 33 953.000 1.367 599 561 13:00:00 14:30:00 13:00:00 15:00:00
39 7 989.000 1.376 313 596 09:30:00 11:00:00 10:30:00 12:30:00
39 30 843.000 0.537 316 471 10:30:00 12:30:00 12:30:00 13:30:00
24 47 640.000 0.435 368 598 12:30:00 13:30:00 12:30:00 15:30:00
46 49 851.000 0.569 441 359 10:30:00 12:30:00 12:30:00 15:30:00
44 6 432.000 0.329 567 392 09:30:00 11:00:00 10:30:00 12:30:00
47 20 670.000 0.439 508 414 14:00:00 15:00:00 16:00:00 17:00:00
2 31 929.000 0.481 374 524 12:30:00 14:30:00 13:30:00 16:30:00
2 18 85.000 0.098 563 568 10:00:00 11:30:00 11:00:00 14:00:00
13 42 307.000 0.385 422 427 12:00:00 13:30:00 15:00:00 16:00:00
29 34 388.000 0.436 518 334 09:30:00 11:30:00 09:30:00 11:30:00
41 23 550.000 0.340 398 505 09:30:00 11:30:00 11:30:00 14:30:00
9 31 725.000 0.631 460 313 13:00:00 14:30:00 14:00:00 16:00:00
40 42 193.000 0.179 358 439 12:00:00 14:00:00 13:00:00 16:00:00
43 15 405.000 0.338 539 504 08:30:00 10:00:00 10:30:00 12:30:00
34 11 222.000 0.137 548 309 08:30:00 10:30:00 10:30:00 13:30:00
34 44 287.000 0.313 582 316 13:30:00 14:30:00 15:30:00 17:30:00
17 10 138.000 0.172 480 423 10:30:00 12:00:00 10:30:00 13:30:00
50 41 704.000 0.773 501 386 12:00:00 13:00:00 13:00:00 14:00:00
6 16 284.000 0.172 362 571 13:00:00 15:00:00 15:00:00 17:00:00
5 21 595.000 0.435 339 482 08:30:00 09:30:00 08:30:00 11:30:00
23 42 227.000 0.306 534 509 10:00:00 11:30:00 10:00:00 12:00:00
31 38 301.000 0.365 490 506 10:30:00 11:30:00 12:30:00 14:30:00
48 33 84.000 0.056 520 379 12:00:00 14:00:00 12:00:00 14:00:00
48 9 450.000 0.285 597 541 09:30:00 11:00:00 09:30:00 10:30:00
35 40 475.000 0.276 564 596 12:30:00 14:00:00 12:30:00 13:30:00
34 19 881.000 0.713 561 345 09:30:00 11:30:00 10:30:00 13:30:00
8 44 777.000 0.604 504 463 14:00:00 15:00:00 14:00:00 17:00:00
43 3 461.000 0.358 341 522 13:00:00 14:00:00 15:00:00 18:00:00
15 5 751.000 0.870 560 583 09:00:00 10:30:00 10:00:00 11:00:00
39 36 990.000 1.471 512 485 11:30:00 12:30:00 12:30:00 14:30:00
41 26 746.000 0.668 499 521 11:30:00 12:30:00 11:30:00 12:30:00
9 29 207.000 0.259 440 329 12:30:00 14:30:00 13:30:00 14:30:00
2 49 631.000 0.889 432 596 10:30:00 11:30:00 10:30:00 11:30:00
34 11 624.000 0.369 456 552 12:00:00 13:30:00 14:00:00 17:00:00
10 2 48.000 0.035 574 568 09:00:00 10:30:00 10:00:00 12:00:00
50 2 806.000 0.998 313 532 12:30:00 14:30:00 13:30:00 15:30:00
27 46 511.000 0.433 383 346 12:00:00 14:00:00 13:00:00 15:00:00
22 1 385.000 0.524 557 319 12:30:00 13:30:00 13:30:00 15:30:00
2 12 454.000 0.370 373 556 09:30:00 11:00:00 11:30:00 14:30:00
44 24 369.000 0.198 512 301 08:30:00 10:30:00 08:30:00 09:30:00
27 22 980.000 1.192 401 491 11:00:00 13:00:00 12:00:00 15:00:00
35 20 28.000 0.032 540 382 12:30:00 13:30:00 13:30:00 15:30:00
8 7 417.000 0.325 422 403 12:00:00 14:00:00 15:00:00 17:00:00
9 3 431.000 0.617 302 546 09:30:00 10:30:00 11:30:00 12:30:00
16 1 583.000 0.526 451 499 12:30:00 13:30:00 15:30:00 18:30:00
7 13 351.000 0.191 515 465 10:30:00 12:00:00 12:30:00 13:30:00
23 24 822.000 0.649 504 531 11:30:00 12:30:00 11:30:00 14:30:00
38 50 992.000 1.416 300 505 08:30:00 09:30:00 09:30:00 12:30:00
28 32 73.000 0.059 550 312 12:30:00 14:30:00 14:30:00 15:30:00
44 41 404.000 0.333 300 449 12:00:00 14:00:00 13:00:00 16:00:00
42 38 504.000 0.361 568 468 11:30:00 13:30:00 12:30:00 14:30:00
3 37 772.000 0.860 541 370 12:30:00 14:00:00 14:30:00 15:30:00
8 37 207.000 0.155 399 502 09:30:00 11:00:00 11:30:00 13:30:00
25 32 413.000 0.330 512 341 10:00:00 12:00:00 11:00:00 13:00:00
49 48 959.000 0.575 532 524 10:30:00 12:30:00 12:30:00 13:30:00
27 40 630.000 0.816 541 306 14:00:00 16:00:00 16:00:00 17:00:00
18 13 476.000 0.261 447 319 10:00:00 12:00:00 11:00:00 13:00:00
48 5 225.000 0.240 399 380 13:00:00 15:00:00 14:00:00 17:00:00
21 42 398.000 0.207 386 595 11:30:00 13:00:00 13:30:00 14:30:00
31 24 544.000 0.625 309 302 09:30:00 11:30:00 11:30:00 12:30:00
18 9 507.000 0.543 392 333 10:00:00 12:00:00 12:00:00 14:00:00
4 47 394.000 0.466 377 581 08:30:00 10:30:00 10:30:00 13:30:00
39 18 116.000 0.109 586 406 09:30:00 10:30:00 11:30:00 14:30:00
43 32 749.000 0.926 406 590 13:30:00 14:30:00 15:30:00 17:30:00
32 21 950.000 0.875 503 453 13:00:00 14:00:00 14:00:00 17:00:00
33 23 541.000 0.742 508 409 10:00:00 11:00:00 10:00:00 11:00:00
49 2 347.000 0.469 376 512 13:30:00 15:00:00 14:30:00 15:30:00
13 22 678.000 0.633 373 418 10:30:00 12:30:00 11:30:00 13:30:00
26 5 450.000 0.672 417 498 10:00:00 11:00:00 11:00:00 14:00:00
28 40 566.000 0.421 419 412 13:00:00 14:00:00 15:00:00 16:00:00
46 13 988.000 0.536 543 468 10:30:00 12:00:00 13:30:00 16:30:00
7 41 454.000 0.572 356 460 13:00:00 15:00:00 15:00:00 16:00:00
46 25 344.000 0.178 545 376 11:30:00 12:30:00 13:30:00 16:30:00
47 17 105.000 0.142 398 512 11:30:00 13:30:00 12:30:00 15:30:00
37 49 713.000 1.013 401 417 08:30:00 09:30:00 08:30:00 09:30:00
24 28 557.000 0.614 320 516 13:00:00 15:00:00 16:00:00 18:00:00
1 6 365.000 0.480 396 477 13:30:00 15:30:00 14:30:00 17:30:00
42 43 722.000 0.588 528 376 13:30:00 15:30:00 15:30:00 18:30:00
20 30 585.000 0.714 428 593 14:00:00 15:00:00 15:00:00 16:00:00
29 44 281.000 0.198 334 311 10:30:00 11:30:00 12:30:00 13:30:00
17 21 763.000 1.000 509 448 09:00:00 10:30:00 10:00:00 11:00:00
15 33 238.000 0.160 416 586 13:00:00 14:00:00 14:00:00 15:00:00
7 14 600.000 0.887 518 361 09:30:00 11:00:00 09:30:00 10:30:00
37 49 584.000 0.592 478 357 09:30:00 10:30:00 09:30:00 12:30:00
37 4 431.000 0.498 405 541 08:30:00 09:30:00 08:30:00 10:30:00
4 1 489.000 0.347 429 371 09:00:00 10:00:00 10:00:00 12:00:00
6 2 707.000 0.528 597 522 11:00:00 12:00:00 11:00:00 14:00:00
3 10 688.000 1.014 303 362 10:30:00 11:30:00 12:30:00 15:30:00
25 7 342.000 0.221 557 525 13:30:00 15:00:00 15:30:00 16:30:00
25 8 974.000 0.905 440 520 08:30:00 10:00:00 08:30:00 10:30:00
21 4 42.000 0.056 361 319 11:30:00 13:30:00 11:30:00 12:30:00
3 6 349.000 0.401 535 319 13:30:00 15:30:00 14:30:00 17:30:00
6 50 448.000 0.388 380 405 13:30:00 15:30:00 13:30:00 15:30:00
27 18 86.000 0.062 588 489 08:30:00 10:00:00 11:30:00 12:30:00
26 50 879.000 1.216 360 304 09:00:00 11:00:00 10:00:00 12:00:00
14 19 705.000 0.778 335 538 11:00:00 12:00:00 11:00:00 13:00:00
43 31 454.000 0.637 525 496 12:30:00 14:00:00 13:30:00 15:30:00
6 24 776.000 0.814 582 360 12:00:00 14:00:00 13:00:00 15:00:00
8 19 335.000 0.278 496 311 14:00:00 15:00:00 16:00:00 17:00:00
2 3 172.000 0.256 366 548 13:00:00 14:30:00 15:00:00 17:00:00
44 46 806.000 0.943 303 400 12:00:00 13:00:00 13:00:00 16:00:00
18 35 600.000 0.311 592 594 10:30:00 12:00:00 12:30:00 14:30:00
30 37 978.000 1.226 306 317 14:00:00 16:00:00 16:00:00 18:00:00
17 22 708.000 0.646 494 516 10:00:00 11:00:00 11:00:00 12:00:00
24 21 523.000 0.397 556 405 12:00:00 13:30:00 12:00:00 14:00:00
15 23 124.000 0.159 352 421 10:30:00 12:00:00 12:30:00 14:30:00
19 24 708.000 0.736 539 497 08:30:00 09:30:00 09:30:00 11:30:00
4 28 586.000 0.672 529 344 08:30:00 09:30:00 10:30:00 12:30:00
30 22 42.000 0.061 537 384 08:00:00 10:00:00 10:00:00 12:00:00
20 27 664.000 0.475 461 379 09:00:00 10:00:00 11:00:00 13:00:00
21 39 269.000 0.384 456 345 11:30:00 13:00:00 12:30:00 13:30:00
48 31 250.000 0.306 425 404 13:00:00 14:00:00 14:00:00 16:00:00
40 20 790.000 0.742 428 489 10:00:00 12:00:00 11:00:00 14:00:00
15 2 971.000 1.038 472 368 08:00:00 09:00:00 11:00:00 14:00:00
14 35 786.000 1.168 534 481 11:30:00 12:30:00 12:30:00 13:30:00
1 17 590.000 0.378 460 543 13:00:00 15:00:00 14:00:00 16:00:00
24 7 829.000 0.888 588 537 08:00:00 09:00:00 11:00:00 12:00:00
42 24 232.000 0.175 521 367 13:00:00 14:00:00 13:00:00 15:00:00
7 29 537.000 0.271 419 510 11:00:00 13:00:00 13:00:00 14:00:00
24 20 844.000 0.863 341 401 13:00:00 14:00:00 14:00:00 15:00:00
14 24 616.000 0.591 392 592 10:00:00 11:30:00 13:00:00 14:00:00
16 4 486.000 0.468 376 389 12:30:00 14:00:00 13:30:00 14:30:00
17 14 225.000 0.312 451 380 09:30:00 11:30:00 10:30:00 12:30:00
9 5 739.000 0.452 441 406 11:30:00 12:30:00 11:30:00 14:30:00
30 1 543.000 0.597 337 485 09:30:00 10:30:00 10:30:00 12:30:00
3 23 440.000 0.395 357 389 09:30:00 11:00:00 10:30:00 13:30:00
1 35 792.000 0.620 352 460 12:00:00 13:30:00 14:00:00 16:00:00
39 47 522.000 0.584 386 354 09:00:00 10:00:00 11:00:00 12:00:00
47 29 419.000 0.441 340 441 10:30:00 11:30:00 11:30:00 13:30:00
7 43 685.000 0.560 475 503 11:30:00 13:30:00 12:30:00 14:30:00
27 38 722.000 1.038 503 467 14:00:00 15:00:00 16:00:00 18:00:00
39 36 913.000 0.779 563 590 12:30:00 13:30:00 13:30:00 15:30:00
28 49 130.000 0.083 400 303 10:00:00 12:00:00 12:00:00 15:00:00
15 3 633.000 0.594 481 394 13:30:00 14:30:00 14:30:00 15:30:00
50 49 289.000 0.216 557 369 08:00:00 10:00:00 08:00:00 09:00:00
26 37 701.000 0.498 494 361 09:30:00 11:30:00 11:30:00 14:30:00
14 43 159.000 0.217 330 551 10:00:00 11:00:00 12:00:00 14:00:00
41 37 459.000 0.334 492 306 09:30:00 11:00:00 12:30:00 15:30:00
6 36 503.000 0.498 578 527 12:30:00 14:30:00 13:30:00 14:30:00
5 47 433.000 0.606 397 473 12:30:00 13:30:00 14:30:00 16:30:00
3 11 895.000 1.198 432 438 09:00:00 10:30:00 11:00:00 13:00:00
40 35 229.000 0.212 430 434 09:00:00 10:30:00 10:00:00 12:00:00
13 10 630.000 0.537 309 561 10:30:00 12:30:00 11:30:00 12:30:00
3 12 816.000 1.019 322 534 11:30:00 13:30:00 12:30:00 15:30:00
11 48 45.000 0.034 589 348 10:30:00 12:30:00 12:30:00 13:30:00
14 20 967.000 1.006 483 378 12:00:00 13:00:00 12:00:00 14:00:00
40 44 721.000 0.994 370 389 08:00:00 09:00:00 10:00:00 11:00:00
1 37 372.000 0.232 343 482 11:30:00 12:30:00 14:30:00 16:30:00
42 43 671.000 0.590 477 515 13:30:00 15:00:00 15:30:00 16:30:00
3 8 580.000 0.500 326 503 14:00:00 15:00:00 16:00:00 17:00:00
39 34 392.000 0.545 419 314 10:00:00 11:00:00 11:00:00 14:00:00
36 18 338.000 0.337 443 388 09:30:00 11:00:00 09:30:00 11:30:00
29 31 791.000 1.111 570 509 10:30:00 11:30:00 12:30:00 13:30:00
26 37 508.000 0.663 340 442 13:00:00 15:00:00 14:00:00 16:00:00
10 8 784.000 0.914 308 318 10:00:00 11:00:00 11:00:00 12:00:00
36 27 739.000 0.873 303 324 13:30:00 15:00:00 15:30:00 16:30:00
11 26 611.000 0.412 375 550 12:30:00 14:00:00 13:30:00 16:30:00
45 32 840.000 1.197 333 489 11:00:00 13:00:00 13:00:00 16:00:00
34 37 456.000 0.583 367 513 11:00:00 12:00:00 12:00:00 14:00:00
13 5 180.000 0.258 509 373 08:30:00 10:00:00 09:30:00 11:30:00
25 6 549.000 0.488 377 343 12:30:00 14:00:00 12:30:00 14:30:00
44 21 1.000 0.001 482 462 09:00:00 10:00:00 10:00:00 11:00:00
44 23 149.000 0.139 552 388 11:30:00 12:30:00 12:30:00 14:30:00
42 24 415.000 0.363 405 587 11:00:00 12:00:00 11:00:00 12:00:00
17 2 587.000 0.341 453 596 12:30:00 14:00:00 13:30:00 15:30:00
26 47 985.000 0.737 433 517 14:00:00 15:30:00 14:00:00 17:00:00
17 40 567.000 0.437 358 554 14:00:00 15:30:00 14:00:00 17:00:00
33 4 25.000 0.037 351 313 08:30:00 09:30:00 08:30:00 09:30:00
43 37 864.000 0.915 307 503 14:00:00 15:00:00 15:00:00 18:00:00
33 43 464.000 0.539 584 466 13:00:00 14:30:00 14:00:00 16:00:00
5 2 26.000 0.030 320 490 09:00:00 10:30:00 10:00:00 12:00:00
6 13 946.000 0.489 302 521 11:30:00 13:00:00 13:30:00 16:30:00
27 43 681.000 0.631 418 590 12:30:00 14:00:00 13:30:00 16:30:00
12 33 984.000 1.271 307 593 11:30:00 13:00:00 12:30:00 15:30:00
25 41 734.000 0.461 453 499 08:00:00 10:00:00 09:00:00 11:00:00
13 28 880.000 0.735 332 515 14:00:00 16:00:00 14:00:00 16:00:00
14 28 681.000 0.906 597 529 08:00:00 09:30:00 10:00:00 12:00:00
13 42 266.000 0.292 545 589 14:00:00 15:30:00 16:00:00 19:00:00
28 31 632.000 0.752 317 554 10:30:00 12:00:00 11:30:00 12:30:00
28 11 939.000 0.535 431 553 11:00:00 12:00:00 13:00:00 14:00:00
21 18 654.000 0.746 460 366 10:00:00 11:30:00 12:00:00 15:00:00
31 25 823.000 0.518 539 421 08:30:00 10:30:00 10:30:00 12:30:00
46 14 791.000 0.908 437 348 08:00:00 09:00:00 11:00:00 13:00:00
13 29 250.000 0.365 321 518 12:30:00 14:30:00 13:30:00 14:30:00
5 3 834.000 0.705 337 567 09:30:00 11:30:00 11:30:00 12:30:00
47 31 992.000 0.792 376 410 10:00:00 11:30:00 11:00:00 13:00:00
44 10 287.000 0.232 435 326 09:00:00 11:00:00 11:00:00 13:00:00
7 1 325.000 0.278 545 330 09:00:00 10:00:00 10:00:00 11:00:00
45 8 435.000 0.436 476 468 10:30:00 11:30:00 11:30:00 13:30:00
40 29 670.000 0.777 346 579 08:00:00 09:30:00 09:00:00 11:00:00
13 2 721.000 0.789 508 491 13:30:00 15:30:00 15:30:00 16:30:00
6 47 626.000 0.803 381 407 14:00:00 15:00:00 14:00:00 16:00:00
39 50 139.000 0.174 448 411 11:00:00 12:00:00 11:00:00 13:00:00
41 12 75.000 0.083 540 483 12:30:00 14:30:00 14:30:00 16:30:00
48 29 49.000 0.042 444 537 11:00:00 13:00:00 12:00:00 14:00:00
31 26 288.000 0.164 510 304 10:00:00 12:00:00 10:00:00 13:00:00
4 14 288.000 0.412 567 489 10:00:00 11:00:00 10:00:00 11:00:00
2 26 671.000 0.340 502 563 09:30:00 11:00:00 10:30:00 11:30:00
36 1 294.000 0.279 473 313 09:30:00 11:30:00 09:30:00 10:30:00
21 39 182.000 0.136 399 593 10:00:00 12:00:00 10:00:00 12:00:00
18 5 565.000 0.771 589 411 11:30:00 12:30:00 11:30:00 12:30:00
7 27 819.000 1.133 465 398 13:30:00 15:30:00 15:30:00 16:30:00
18 22 806.000 0.811 361 466 12:00:00 13:30:00 14:00:00 16:00:00
41 32 61.000 0.075 594 468 10:00:00 11:00:00 12:00:00 15:00:00
8 41 375.000 0.506 566 595 10:30:00 11:30:00 12:30:00 15:30:00
18 27 274.000 0.235 340 439 11:30:00 13:00:00 13:30:00 15:30:00
23 1 391.000 0.339 551 346 10:00:00 11:00:00 11:00:00 12:00:00
4 6 578.000 0.817 453 551 11:30:00 12:30:00 12:30:00 14:30:00
39 49 89.000 0.133 439 515 12:00:00 13:00:00 13:00:00 14:00:00
39 34 956.000 1.340 521 547 13:00:00 14:30:00 14:00:00 15:00:00
21 40 235.000 0.345 598 595 11:00:00 13:00:00 12:00:00 14:00:00
39 32 39.000 0.036 342 402 11:30:00 13:30:00 13:30:00 16:30:00
13 9 71.000 0.092 483 414 09:30:00 11:00:00 12:30:00 13:30:00
33 48 9.000 0.006 548 458 10:30:00 11:30:00 11:30:00 13:30:00
2 33 263.000 0.371 472 428 09:00:00 10:30:00 09:00:00 11:00:00
9 27 505.000 0.357 432 419 13:00:00 14:00:00 14:00:00 16:00:00
29 44 292.000 0.363 494 392 09:00:00 10:00:00 10:00:00 11:00:00
42 14 82.000 0.108 422 533 14:00:00 15:30:00 16:00:00 19:00:00
50 29 186.000 0.143 342 332 10:30:00 11:30:00 11:30:00 13:30:00
8 6 481.000 0.654 339 526 12:30:00 14:00:00 13:30:00 15:30:00
29 43 568.000 0.504 352 483 12:00:00 13:30:00 13:00:00 15:00:00
49 26 68.000 0.059 346 493 14:00:00 15:00:00 15:00:00 17:00:00
18 14 492.000 0.708 488 362 08:30:00 09:30:00 09:30:00 10:30:00
13 44 558.000 0.809 355 558 08:30:00 10:00:00 11:30:00 13:30:00
5 28 478.000 0.652 534 416 10:00:00 12:00:00 11:00:00 14:00:00
3 5 408.000 0.379 388 378 13:30:00 15:30:00 15:30:00 18:30:00
14 48 163.000 0.125 573 526 08:00:00 10:00:00 09:00:00 11:00:00
37 19 553.000 0.289 388 349 11:30:00 13:00:00 11:30:00 12:30:00
29 19 501.000 0.441 451 318 13:30:00 14:30:00 14:30:00 16:30:00
1 24 928.000 1.133 353 453 11:30:00 13:30:00 12:30:00 15:30:00
29 43 784.000 0.550 528 419 10:30:00 12:30:00 10:30:00 12:30:00
12 16 161.000 0.082 348 502 11:30:00 13:00:00 13:30:00 14:30:00
38 19 103.000 0.152 400 589 14:00:00 15:30:00 15:00:00 18:00:00
3 13 854.000 0.831 407 332 12:30:00 14:00:00 12:30:00 13:30:00
13 47 912.000 0.959 513 481 08:00:00 09:30:00 10:00:00 11:00:00
49 27 712.000 1.027 314 428 12:00:00 14:00:00 14:00:00 15:00:00
33 1 461.000 0.290 485 300 12:30:00 13:30:00 13:30:00 16:30:00
22 7 766.000 1.051 366 566 09:00:00 10:30:00 12:00:00 14:00:00
6 33 380.000 0.229 433 348 10:30:00 12:30:00 11:30:00 13:30:00
40 20 404.000 0.536 347 473 09:30:00 11:30:00 10:30:00 11:30:00
5 3 577.000 0.863 598 487 13:00:00 14:00:00 15:00:00 16:00:00
10 28 31.000 0.027 484 431 08:00:00 09:30:00 09:00:00 10:00:00
29 32 162.000 0.169 515 579 08:30:00 10:30:00 09:30:00 12:30:00
6 15 631.000 0.904 547 340 10:00:00 12:00:00 12:00:00 13:00:00
4 24 354.000 0.443 567 310 09:30:00 11:30:00 11:30:00 14:30:00
14 29 262.000 0.219 561 446 08:00:00 09:00:00 10:00:00 11:00:00
13 6 634.000 0.540 524 462 10:30:00 12:00:00 11:30:00 12:30:00
26 7 104.000 0.075 492 515 11:00:00 13:00:00 13:00:00 16:00:00
44 9 748.000 0.871 461 572 09:00:00 11:00:00 10:00:00 12:00:00
31 35 201.000 0.243 521 365 11:30:00 13:30:00 13:30:00 15:30:00
29 42 993.000 1.121 493 567 10:00:00 11:00:00 11:00:00 12:00:00
21 18 654.000 0.415 550 358 11:30:00 13:30:00 13:30:00 15:30:00
5 6 759.000 0.395 378 494 11:00:00 12:30:00 12:00:00 13:00:00
29 34 300.000 0.290 539 482 09:30:00 11:00:00 09:30:00 10:30:00
14 6 541.000 0.605 322 426 14:00:00 15:30:00 16:00:00 19:00:00
8 24 767.000 0.842 591 356 10:00:00 11:00:00 11:00:00 14:00:00
6 41 883.000 0.887 540 477 14:00:00 15:00:00 15:00:00 17:00:00
31 16 243.000 0.260 417 403 09:00:00 11:00:00 11:00:00 14:00:00
28 5 113.000 0.087 387 387 10:30:00 12:00:00 11:30:00 13:30:00
47 34 294.000 0.240 376 405 09:30:00 11:00:00 11:30:00 13:30:00
23 12 580.000 0.861 536 307 12:30:00 14:30:00 14:30:00 15:30:00
39 1 76.000 0.056 517 559 08:30:00 09:30:00 11:30:00 14:30:00
10 30 725.000 0.769 574 404 13:00:00 14:30:00 14:00:00 15:00:00
13 38 373.000 0.354 533 338 10:30:00 12:30:00 11:30:00 13:30:00
40 16 368.000 0.344 314 518 08:00:00 09:00:00 09:00:00 10:00:00
11 29 556.000 0.792 576 313 12:00:00 14:00:00 13:00:00 14:00:00
7 39 968.000 0.692 490 321 12:30:00 14:30:00 13:30:00 14:30:00
3 29 244.000 0.339 363 590 09:00:00 10:00:00 09:00:00 10:00:00
16 26 320.000 0.380 403 444 11:00:00 13:00:00 13:00:00 16:00:00
20 14 672.000 0.708 337 437 11:30:00 12:30:00 12:30:00 13:30:00
14 13 371.000 0.244 352 502 14:00:00 16:00:00 15:00:00 16:00:00
41 39 768.000 0.605 485 475 09:00:00 10:30:00 11:00:00 12:00:00
39 32 398.000 0.277 486 507 11:30:00 12:30:00 13:30:00 14:30:00
11 47 225.000 0.177 374 516 10:30:00 11:30:00 11:30:00 14:30:00
12 35 135.000 0.086 383 343 13:30:00 14:30:00 15:30:00 17:30:00
42 20 737.000 0.940 395 474 11:30:00 12:30:00 13:30:00 15:30:00
26 32 976.000 1.257 553 442 10:00:00 11:30:00 11:00:00 12:00:00
32 2 173.000 0.167 391 310 09:30:00 10:30:00 10:30:00 11:30:00
12 8 98.000 0.054 464 595 11:00:00 12:30:00 13:00:00 15:00:00
28 40 69.000 0.078 531 538 13:30:00 14:30:00 14:30:00 17:30:00
13 36 203.000 0.146 433 562 09:00:00 10:00:00 09:00:00 11:00:00
10 35 168.000 0.099 313 507 10:00:00 11:00:00 13:00:00 14:00:00
13 23 370.000 0.310 389 557 08:00:00 10:00:00 11:00:00 14:00:00
25 9 188.000 0.115 479 403 14:00:00 16:00:00 15:00:00 18:00:00
3 36 802.000 0.960 539 566 10:30:00 12:00:00 11:30:00 14:30:00
7 12 688.000 0.382 316 441 14:00:00 15:00:00 16:00:00 18:00:00
15 7 37.000 0.045 465 455 11:00:00 12:00:00 12:00:00 14:00:00
47 19 125.000 0.118 569 368 09:00:00 10:30:00 11:00:00 13:00:00
12 16 267.000 0.315 505 306 11:30:00 13:00:00 13:30:00 16:30:00
21 19 362.000 0.239 347 589 11:30:00 12:30:00 12:30:00 14:30:00
2 25 930.000 1.241 371 424 09:00:00 10:00:00 10:00:00 11:00:00
45 34 271.000 0.142 491 481 13:00:00 14:00:00 14:00:00 16:00:00
11 20 767.000 0.498 470 319 13:30:00 15:30:00 16:30:00 19:30:00
35 39 987.000 1.255 415 311 12:30:00 14:30:00 13:30:00 14:30:00
10 32 126.000 0.111 584 509 14:00:00 15:30:00 16:00:00 17:00:00
47 19 297.000 0.249 520 403 10:00:00 12:00:00 12:00:00 13:00:00
18 43 846.000 0.546 346 360 11:30:00 13:30:00 11:30:00 12:30:00
5 44 352.000 0.177 472 598 10:30:00 11:30:00 12:30:00 15:30:00
42 49 608.000 0.469 492 508 10:00:00 12:00:00 11:00:00 13:00:00
10 5 866.000 0.772 590 410 09:00:00 10:00:00 11:00:00 14:00:00
19 1 977.000 0.947 548 396 14:00:00 16:00:00 16:00:00 18:00:00
18 5 840.000 0.465 454 313 10:00:00 12:00:00 10:00:00 13:00:00
21 29 189.000 0.174 413 396 11:00:00 12:00:00 13:00:00 15:00:00
11 12 283.000 0.199 438 366 12:00:00 14:00:00 13:00:00 15:00:00
41 48 918.000 0.823 426 385 10:00:00 12:00:00 11:00:00 12:00:00
46 35 508.000 0.663 462 533 10:30:00 12:00:00 12:30:00 14:30:00
32 4 597.000 0.357 572 390 13:00:00 15:00:00 14:00:00 17:00:00
29 2 87.000 0.045 575 467 11:30:00 13:00:00 13:30:00 15:30:00
8 39 1000.000 1.088 525 507 13:00:00 14:00:00 14:00:00 17:00:00
31 34 966.000 0.895 523 304 08:30:00 09:30:00 09:30:00 12:30:00
34 22 428.000 0.397 470 308 11:00:00 12:00:00 13:00:00 16:00:00
37 44 210.000 0.271 459 512 08:30:00 09:30:00 10:30:00 11:30:00
47 8 436.000 0.615 598 527 14:00:00 15:30:00 15:00:00 17:00:00
11 41 959.000 1.297 497 547 08:30:00 09:30:00 08:30:00 09:30:00
44 12 818.000 0.686 492 412 08:30:00 09:30:00 09:30:00 10:30:00
12 11 679.000 0.626 484 577 08:00:00 09:00:00 08:00:00 11:00:00
42 19 501.000 0.712 434 353 12:00:00 13:30:00 13:00:00 15:00:00
11 29 510.000 0.283 465 409 11:30:00 12:30:00 12:30:00 15:30:00
28 37 356.000 0.217 331 337 09:30:00 11:00:00 11:30:00 12:30:00
37 40 504.000 0.662 412 337 11:00:00 12:00:00 12:00:00 15:00:00
33 39 33.000 0.025 459 526 10:30:00 12:30:00 12:30:00 14:30:00
36 20 312.000 0.397 491 386 10:30:00 11:30:00 11:30:00 13:30:00
49 20 16.000 0.016 553 459 14:00:00 15:30:00 15:00:00 17:00:00
18 30 579.000 0.293 321 500 13:30:00 15:30:00 14:30:00 17:30:00
22 32 802.000 1.132 485 566 09:00:00 10:30:00 09:00:00 12:00:00
11 42 371.000 0.526 407 473 11:30:00 13:00:00 13:30:00 14:30:00
7 10 893.000 0.748 318 530 13:00:00 14:30:00 15:00:00 18:00:00
26 12 215.000 0.246 302 558 08:00:00 10:00:00 08:00:00 10:00:00
14 2 741.000 1.067 446 496 12:00:00 14:00:00 14:00:00 15:00:00
47 43 898.000 0.468 557 406 08:30:00 10:30:00 09:30:00 11:30:00
17 30 624.000 0.657 336 464 10:30:00 11:30:00 11:30:00 13:30:00
1 27 779.000 0.633 489 406 08:00:00 09:00:00 09:00:00 12:00:00
37 13 974.000 1.442 562 365 10:00:00 11:00:00 13:00:00 15:00:00
41 32 221.000 0.124 484 372 10:00:00 11:00:00 11:00:00 14:00:00
44 28 624.000 0.507 572 583 11:30:00 12:30:00 14:30:00 15:30:00
18 13 343.000 0.500 383 560 14:00:00 16:00:00 14:00:00 17:00:00
42 32 699.000 0.507 504 440 09:30:00 11:30:00 09:30:00 10:30:00
31 13 486.000 0.640 398 416 08:00:00 10:00:00 10:00:00 11:00:00
2 8 92.000 0.089 535 362 12:00:00 14:00:00 12:00:00 15:00:00
36 1 121.000 0.112 547 392 14:00:00 15:30:00 14:00:00 15:00:00
22 13 940.000 0.914 383 357 10:30:00 12:00:00 11:30:00 14:30:00
3 38 140.000 0.071 347 329 12:30:00 14:30:00 13:30:00 14:30:00
40 44 735.000 0.564 474 305 13:00:00 14:00:00 15:00:00 18:00:00
20 36 705.000 0.885 479 440 10:00:00 11:30:00 11:00:00 14:00:00
12 46 402.000 0.281 542 530 11:00:00 12:30:00 12:00:00 15:00:00
41 42 220.000 0.147 478 358 14:00:00 16:00:00 16:00:00 18:00:00
4 3 211.000 0.287 517 437 09:30:00 10:30:00 11:30:00 12:30:00
29 16 461.000 0.580 409 551 08:30:00 09:30:00 10:30:00 12:30:00
15 20 333.000 0.309 332 428 08:30:00 10:30:00 10:30:00 11:30:00
44 19 251.000 0.140 307 484 08:30:00 10:00:00 10:30:00 12:30:00
45 18 35.000 0.043 340 586 13:30:00 15:30:00 14:30:00 17:30:00
18 27 262.000 0.227 319 392 13:00:00 14:00:00 16:00:00 19:00:00
37 27 875.000 0.878 464 480 09:00:00 10:30:00 10:00:00 12:00:00
47 14 109.000 0.109 572 453 14:00:00 16:00:00 17:00:00 18:00:00
34 23 751.000 0.716 585 424 11:00:00 13:00:00 12:00:00 13:00:00
6 11 233.000 0.349 439 531 11:00:00 13:00:00 13:00:00 16:00:00
13 30 824.000 0.798 350 311 10:30:00 11:30:00 10:30:00 11:30:00
11 29 737.000 0.678 583 581 09:00:00 10:00:00 10:00:00 11:00:00
25 38 892.000 0.644 459 445 12:30:00 13:30:00 13:30:00 14:30:00
31 25 983.000 0.819 428 376 10:30:00 12:00:00 11:30:00 14:30:00
38 50 465.000 0.576 437 333 09:00:00 10:00:00 10:00:00 11:00:00
11 28 731.000 0.860 541 545 08:00:00 10:00:00 09:00:00 11:00:00
4 8 249.000 0.214 543 565 08:30:00 10:00:00 10:30:00 11:30:00
15 26 774.000 1.012 384 506 13:30:00 15:30:00 15:30:00 17:30:00
1 2 224.000 0.137 539 307 12:30:00 14:00:00 14:30:00 17:30:00
42 45 248.000 0.252 551 379 08:00:00 09:30:00 11:00:00 12:00:00
5 9 723.000 0.905 582 416 14:00:00 15:00:00 15:00:00 16:00:00
47 33 941.000 0.647 360 337 14:00:00 16:00:00 15:00:00 17:00:00
18 45 699.000 0.484 576 533 13:30:00 15:30:00 13:30:00 16:30:00
36 31 790.000 0.422 555 319 10:30:00 12:30:00 11:30:00 12:30:00
9 21 178.000 0.134 388 484 12:00:00 13:00:00 13:00:00 14:00:00
29 34 956.000 0.570 463 420 13:00:00 14:30:00 14:00:00 16:00:00
47 38 805.000 1.109 483 561 14:00:00 15:00:00 16:00:00 19:00:00
29 30 994.000 1.117 511 529 08:00:00 09:00:00 09:00:00 10:00:00
35 18 394.000 0.280 451 484 10:30:00 12:00:00 11:30:00 14:30:00
45 26 106.000 0.096 459 420 10:00:00 11:30:00 12:00:00 13:00:00
18 41 387.000 0.430 316 509 13:00:00 14:30:00 15:00:00 17:00:00
47 31 143.000 0.136 455 405 12:30:00 14:30:00 13:30:00 15:30:00
24 20 971.000 1.093 573 431 09:30:00 11:30:00 11:30:00 14:30:00
38 39 981.000 0.654 534 575 14:00:00 15:00:00 15:00:00 18:00:00
42 20 168.000 0.146 416 473 13:30:00 15:30:00 15:30:00 16:30:00
33 45 998.000 0.924 590 590 13:00:00 14:00:00 14:00:00 17:00:00
13 25 546.000 0.782 566 371 08:00:00 09:30:00 10:00:00 12:00:00
49 48 278.000 0.248 354 343 11:00:00 12:30:00 13:00:00 15:00:00
7 21 714.000 0.799 304 555 11:30:00 13:00:00 13:30:00 16:30:00
30 5 272.000 0.325 317 367 13:00:00 14:30:00 14:00:00 17:00:00
18 49 118.000 0.109 375 334 09:30:00 11:00:00 10:30:00 12:30:00
15 3 9.000 0.013 422 304 08:30:00 09:30:00 08:30:00 10:30:00
41 11 339.000 0.323 446 445 14:00:00 16:00:00 14:00:00 17:00:00
27 10 805.000 0.500 387 437 09:30:00 10:30:00 10:30:00 11:30:00
41 22 459.000 0.627 474 308 08:30:00 09:30:00 09:30:00 10:30:00
36 38 577.000 0.389 559 578 11:00:00 13:00:00 11:00:00 12:00:00
42 36 33.000 0.040 462 503 14:00:00 16:00:00 15:00:00 18:00:00
33 46 233.000 0.253 582 439 13:00:00 14:00:00 15:00:00 18:00:00
27 15 98.000 0.087 548 307 13:00:00 15:00:00 14:00:00 15:00:00
4 40 27.000 0.038 415 548 09:00:00 11:00:00 10:00:00 11:00:00
27 24 326.000 0.382 522 363 14:00:00 15:30:00 15:00:00 18:00:00
24 22 274.000 0.339 457 445 10:30:00 11:30:00 11:30:00 14:30:00
24 41 382.000 0.301 473 494 10:30:00 12:30:00 12:30:00 15:30:00
50 31 382.000 0.332 526 333 12:00:00 14:00:00 13:00:00 15:00:00
1 15 568.000 0.699 315 474 11:00:00 13:00:00 11:00:00 14:00:00
29 16 364.000 0.442 384 578 09:00:00 10:00:00 11:00:00 12:00:00
21 20 569.000 0.513 595 358 08:00:00 10:00:00 10:00:00 12:00:00
27 32 866.000 0.682 496 307 10:00:00 11:30:00 11:00:00 14:00:00
26 37 522.000 0.554 398 369 11:00:00 13:00:00 12:00:00 15:00:00
12 50 669.000 0.387 456 429 13:30:00 15:30:00 15:30:00 18:30:00
48 26 398.000 0.311 468 325 10:30:00 12:30:00 11:30:00 14:30:00
24 34 349.000 0.414 384 364 11:00:00 12:00:00 13:00:00 15:00:00
3 1 137.000 0.140 524 358 12:00:00 13:00:00 14:00:00 17:00:00
26 15 841.000 0.602 512 571 13:30:00 15:30:00 15:30:00 18:30:00
3 28 372.000 0.293 323 582 10:30:00 12:30:00 11:30:00 14:30:00
39 37 129.000 0.170 465 423 12:30:00 13:30:00 12:30:00 13:30:00
14 47 755.000 0.869 335 539 12:00:00 14:00:00 14:00:00 16:00:00
8 23 277.000 0.175 349 442 08:30:00 10:00:00 09:30:00 11:30:00
41 24 436.000 0.429 352 556 12:30:00 13:30:00 13:30:00 16:30:00
16 50 35.000 0.042 373 462 13:00:00 14:00:00 13:00:00 15:00:00
3 26 142.000 0.154 372 571 09:00:00 11:00:00 11:00:00 13:00:00
41 8 775.000 0.664 477 418 13:30:00 15:30:00 15:30:00 18:30:00
38 46 445.000 0.321 372 482 11:30:00 13:30:00 13:30:00 16:30:00
40 47 833.000 0.527 371 308 10:30:00 11:30:00 11:30:00 14:30:00
44 10 969.000 0.625 568 474 09:00:00 11:00:00 11:00:00 12:00:00
12 43 317.000 0.378 301 550 10:30:00 12:00:00 11:30:00 13:30:00
42 35 821.000 1.006 530 415 09:30:00 10:30:00 11:30:00 14:30:00
8 9 70.000 0.051 348 460 12:00:00 13:30:00 12:00:00 15:00:00
13 1 250.000 0.331 595 566 14:00:00 15:00:00 14:00:00 16:00:00
24 28 724.000 0.406 573 431 09:30:00 11:30:00 12:30:00 13:30:00
17 44 404.000 0.322 485 509 10:00:00 11:00:00 12:00:00 14:00:00
12 50 576.000 0.536 497 509 12:30:00 13:30:00 14:30:00 15:30:00
42 20 605.000 0.817 530 588 09:00:00 10:00:00 11:00:00 12:00:00
47 35 253.000 0.323 513 510 09:30:00 11:00:00 11:30:00 14:30:00
14 34 713.000 0.410 507 401 14:00:00 16:00:00 14:00:00 17:00:00
34 48 368.000 0.410 533 342 10:30:00 12:30:00 10:30:00 12:30:00
48 12 909.000 1.017 532 371 12:30:00 14:00:00 13:30:00 16:30:00
26 12 395.000 0.563 302 587 12:00:00 13:30:00 13:00:00 15:00:00
38 29 888.000 0.565 418 379 13:00:00 15:00:00 13:00:00 16:00:00
47 13 533.000 0.675 495 561 12:00:00 13:00:00 13:00:00 14:00:00
16 35 323.000 0.293 467 448 12:00:00 14:00:00 12:00:00 14:00:00
47 23 386.000 0.269 382 589 13:00:00 15:00:00 13:00:00 15:00:00
35 23 115.000 0.123 338 495 10:00:00 11:00:00 10:00:00 13:00:00
39 49 680.000 0.684 575 373 10:30:00 11:30:00 11:30:00 12:30:00
37 17 237.000 0.199 388 583 13:30:00 15:30:00 14:30:00 15:30:00
36 39 694.000 0.869 493 477 13:30:00 15:00:00 14:30:00 15:30:00
26 23 611.000 0.572 515 548 13:30:00 15:30:00 14:30:00 17:30:00
7 18 169.000 0.095 322 347 10:00:00 11:00:00 10:00:00 13:00:00
32 12 975.000 0.615 473 503 13:30:00 14:30:00 15:30:00 16:30:00
20 47 161.000 0.135 487 322 09:30:00 10:30:00 11:30:00 12:30:00
5 24 815.000 0.734 373 497 09:00:00 10:00:00 11:00:00 13:00:00
37 29 475.000 0.287 496 585 10:00:00 11:00:00 11:00:00 14:00:00
12 16 889.000 0.501 595 535 14:00:00 16:00:00 16:00:00 17:00:00
22 35 176.000 0.185 332 517 13:30:00 14:30:00 15:30:00 16:30:00
18 35 400.000 0.405 501 440 11:30:00 13:30:00 12:30:00 15:30:00
34 19 341.000 0.398 344 410 12:30:00 14:00:00 13:30:00 16:30:00
47 21 344.000 0.464 588 560 09:00:00 11:00:00 10:00:00 13:00:00
14 30 555.000 0.459 501 563 11:30:00 12:30:00 12:30:00 13:30:00
32 16 782.000 0.810 528 552 13:30:00 15:30:00 14:30:00 17:30:00
39 18 777.000 0.932 451 328 08:30:00 10:00:00 09:30:00 10:30:00
11 43 578.000 0.370 336 391 08:00:00 10:00:00 09:00:00 11:00:00
40 35 217.000 0.297 496 578 13:00:00 15:00:00 14:00:00 17:00:00
27 36 409.000 0.333 533 420 11:00:00 13:00:00 14:00:00 17:00:00
22 46 944.000 0.865 556 393 11:00:00 12:00:00 11:00:00 14:00:00
10 14 742.000 0.852 541 504 09:30:00 10:30:00 10:30:00 13:30:00
7 27 713.000 0.595 495 336 08:00:00 09:00:00 11:00:00 12:00:00
20 35 840.000 0.989 382 366 13:30:00 15:30:00 13:30:00 14:30:00
8 29 108.000 0.057 477 409 10:00:00 11:00:00 11:00:00 12:00:00
29 39 321.000 0.163 327 588 11:30:00 12:30:00 12:30:00 15:30:00
18 7 866.000 1.045 373 498 14:00:00 16:00:00 14:00:00 17:00:00
46 16 158.000 0.114 491 549 11:30:00 13:00:00 13:30:00 15:30:00
20 5 876.000 0.489 581 316 13:30:00 15:00:00 13:30:00 14:30:00
39 6 66.000 0.074 364 328 12:00:00 14:00:00 13:00:00 15:00:00
38 1 189.000 0.137 404 450 12:00:00 14:00:00 13:00:00 15:00:00
48 40 232.000 0.287 594 579 08:30:00 10:00:00 08:30:00 09:30:00
9 37 116.000 0.170 592 340 08:30:00 09:30:00 09:30:00 10:30:00
21 9 304.000 0.214 509 581 11:30:00 13:30:00 11:30:00 13:30:00
5 38 477.000 0.267 565 486 11:00:00 12:00:00 11:00:00 13:00:00
41 8 632.000 0.709 436 336 12:30:00 14:00:00 14:30:00 17:30:00
1 23 754.000 1.105 499 591 08:00:00 09:00:00 09:00:00 12:00:00
15 48 126.000 0.131 511 582 10:00:00 12:00:00 11:00:00 13:00:00
47 7 198.000 0.209 448 442 11:00:00 13:00:00 13:00:00 16:00:00
34 9 477.000 0.364 582 449 12:30:00 14:00:00 14:30:00 15:30:00
9 46 442.000 0.342 349 551 11:30:00 13:30:00 13:30:00 15:30:00
10 7 902.000 1.160 583 348 11:00:00 12:00:00 13:00:00 15:00:00
7 28 731.000 0.607 341 438 09:30:00 11:00:00 10:30:00 13:30:00
33 18 144.000 0.136 381 509 13:00:00 14:30:00 15:00:00 16:00:00
36 20 619.000 0.548 378 441 09:00:00 10:00:00 09:00:00 11:00:00
13 47 579.000 0.768 495 513 12:00:00 14:00:00 14:00:00 16:00:00
21 18 719.000 0.973 336 430 13:30:00 14:30:00 15:30:00 17:30:00
48 34 240.000 0.186 504 532 13:30:00 15:30:00 14:30:00 16:30:00
43 29 208.000 0.272 504 599 12:00:00 13:30:00 13:00:00 16:00:00
25 27 389.000 0.505 371 481 13:30:00 14:30:00 15:30:00 17:30:00
23 17 501.000 0.544 506 348 08:00:00 10:00:00 10:00:00 11:00:00
21 44 968.000 1.335 584 466 13:30:00 15:30:00 14:30:00 15:30:00
28 18 496.000 0.700 337 469 11:30:00 12:30:00 11:30:00 14:30:00
50 38 649.000 0.963 476 388 13:30:00 15:30:00 13:30:00 16:30:00
47 19 119.000 0.113 361 345 12:00:00 13:00:00 15:00:00 17:00:00
41 48 356.000 0.201 427 489 12:30:00 13:30:00 14:30:00 16:30:00
21 43 254.000 0.309 542 379 13:30:00 15:30:00 13:30:00 14:30:00
33 50 886.000 0.968 540 319 09:00:00 10:00:00 11:00:00 14:00:00
45 15 715.000 0.701 460 520 13:30:00 14:30:00 13:30:00 16:30:00
18 27 56.000 0.047 338 357 13:30:00 15:30:00 16:30:00 19:30:00
4 42 418.000 0.266 503 345 08:00:00 09:00:00 10:00:00 12:00:00
25 34 297.000 0.195 464 394 10:00:00 11:30:00 11:00:00 12:00:00
49 23 721.000 0.967 589 494 10:30:00 11:30:00 10:30:00 13:30:00
19 40 992.000 0.806 489 337 09:00:00 10:00:00 09:00:00 12:00:00
28 42 94.000 0.089 577 347 11:00:00 12:00:00 13:00:00 15:00:00
16 42 834.000 1.148 337 339 08:00:00 09:30:00 09:00:00 12:00:00
25 50 455.000 0.467 430 453 12:30:00 14:00:00 14:30:00 17:30:00
30 21 281.000 0.333 306 453 09:30:00 11:30:00 10:30:00 13:30:00
45 50 898.000 1.311 315 451 08:30:00 09:30:00 11:30:00 12:30:00
38 10 317.000 0.253 307 562 10:00:00 11:00:00 11:00:00 14:00:00
24 50 197.000 0.109 396 557 11:00:00 12:30:00 12:00:00 15:00:00
14 18 447.000 0.668 462 462 11:00:00 12:30:00 11:00:00 12:00:00
33 7 152.000 0.220 578 485 14:00:00 16:00:00 16:00:00 18:00:00
39 49 251.000 0.339 517 491 11:00:00 13:00:00 12:00:00 15:00:00
9 11 746.000 0.792 363 510 11:30:00 12:30:00 12:30:00 13:30:00
12 7 692.000 0.627 420 535 11:30:00 12:30:00 13:30:00 16:30:00
35 39 416.000 0.209 513 554 12:00:00 14:00:00 12:00:00 15:00:00
12 34 894.000 0.747 531 472 14:00:00 15:00:00 15:00:00 16:00:00
18 39 293.000 0.420 592 380 10:00:00 11:00:00 12:00:00 13:00:00
40 34 544.000 0.588 581 592 08:00:00 09:00:00 08:00:00 10:00:00
40 39 949.000 0.854 429 460 11:00:00 13:00:00 11:00:00 13:00:00
3 40 664.000 0.707 371 588 08:00:00 09:30:00 10:00:00 13:00:00
49 14 492.000 0.438 457 573 09:30:00 10:30:00 10:30:00 12:30:00
3 2 379.000 0.435 598 370 11:30:00 12:30:00 12:30:00 15:30:00
35 28 823.000 0.482 569 424 14:00:00 16:00:00 17:00:00 19:00:00
15 44 700.000 0.869 393 565 13:30:00 14:30:00 16:30:00 18:30:00
4 40 832.000 0.459 352 474 12:00:00 13:00:00 13:00:00 15:00:00
43 39 660.000 0.865 438 316 10:30:00 12:00:00 11:30:00 12:30:00
27 23 575.000 0.638 467 393 08:00:00 09:30:00 09:00:00 12:00:00
34 23 67.000 0.095 355 442 10:30:00 12:00:00 10:30:00 11:30:00
33 40 967.000 0.584 520 514 09:30:00 10:30:00 09:30:00 10:30:00
37 18 798.000 1.122 487 521 12:30:00 14:00:00 13:30:00 14:30:00
15 44 358.000 0.433 454 414 11:00:00 12:00:00 14:00:00 17:00:00
13 40 297.000 0.355 314 529 09:00:00 10:30:00 10:00:00 13:00:00
31 47 440.000 0.317 447 438 10:00:00 11:00:00 10:00:00 13:00:00
44 17 894.000 0.750 545 596 11:30:00 13:00:00 12:30:00 14:30:00
13 8 478.000 0.412 534 476 11:30:00 12:30:00 14:30:00 15:30:00
7 40 158.000 0.101 586 315 11:00:00 12:30:00 13:00:00 16:00:00
43 9 979.000 0.744 443 319 09:00:00 10:30:00 10:00:00 13:00:00
3 17 638.000 0.951 483 499 13:00:00 14:30:00 14:00:00 17:00:00
4 38 895.000 0.655 392 370 12:30:00 14:30:00 12:30:00 13:30:00
19 43 389.000 0.299 574 407 08:30:00 10:30:00 08:30:00 11:30:00
2 31 943.000 1.365 337 464 10:00:00 11:00:00 11:00:00 13:00:00
36 23 549.000 0.301 433 340 13:00:00 14:00:00 15:00:00 18:00:00
22 3 796.000 1.016 415 319 13:30:00 14:30:00 16:30:00 18:30:00
43 28 360.000 0.369 574 599 10:30:00 12:30:00 11:30:00 12:30:00
25 50 970.000 0.766 513 453 10:30:00 12:30:00 11:30:00 14:30:00
30 16 684.000 0.675 432 499 10:30:00 11:30:00 13:30:00 14:30:00
25 37 588.000 0.540 363 307 11:00:00 12:00:00 12:00:00 14:00:00
43 8 994.000 0.996 407 576 12:00:00 13:30:00 14:00:00 17:00:00
16 27 157.000 0.103 500 425 11:30:00 13:00:00 12:30:00 15:30:00
11 22 379.000 0.543 409 453 09:00:00 11:00:00 09:00:00 11:00:00
40 35 521.000 0.302 458 526 08:00:00 10:00:00 09:00:00 10:00:00
5 17 155.000 0.095 410 360 11:30:00 13:30:00 12:30:00 13:30:00
43 17 501.000 0.425 524 317 10:30:00 12:30:00 10:30:00 12:30:00
43 2 378.000 0.459 354 423 09:00:00 10:00:00 10:00:00 12:00:00
34 48 644.000 0.374 330 495 13:00:00 15:00:00 13:00:00 16:00:00
49 8 232.000 0.291 565 423 12:30:00 14:30:00 12:30:00 15:30:00
4 36 595.000 0.834 563 310 10:00:00 11:00:00 10:00:00 12:00:00
44 28 305.000 0.181 559 385 12:00:00 14:00:00 15:00:00 18:00:00
32 19 454.000 0.480 312 542 14:00:00 16:00:00 16:00:00 17:00:00
40 39 712.000 0.827 409 483 11:00:00 12:00:00 12:00:00 15:00:00
17 2 28.000 0.039 528 523 12:00:00 14:00:00 13:00:00 14:00:00
14 29 912.000 0.912 547 583 11:30:00 12:30:00 12:30:00 14:30:00
29 38 512.000 0.424 537 335 11:30:00 13:00:00 11:30:00 13:30:00
5 23 729.000 0.547 518 434 12:30:00 14:30:00 13:30:00 16:30:00
39 1 418.000 0.240 433 481 12:30:00 14:30:00 15:30:00 18:30:00
47 48 837.000 0.616 421 337 08:00:00 10:00:00 08:00:00 09:00:00
13 32 121.000 0.113 434 513 08:30:00 10:00:00 11:30:00 12:30:00
17 47 955.000 1.066 474 347 08:30:00 10:30:00 09:30:00 11:30:00
39 30 541.000 0.490 427 458 09:30:00 10:30:00 11:30:00 13:30:00
27 13 704.000 0.511 400 358 13:30:00 15:30:00 14:30:00 15:30:00
41 15 130.000 0.100 527 353 11:30:00 13:30:00 13:30:00 16:30:00
19 15 340.000 0.316 311 302 13:00:00 14:00:00 16:00:00 17:00:00
21 25 187.000 0.238 481 484 10:00:00 12:00:00 12:00:00 14:00:00
9 8 830.000 0.866 384 384 14:00:00 15:00:00 14:00:00 15:00:00
36 35 445.000 0.519 570 542 09:30:00 11:30:00 11:30:00 12:30:00
33 6 913.000 0.633 438 490 13:30:00 14:30:00 14:30:00 17:30:00
1 19 160.000 0.144 502 311 13:30:00 15:30:00 15:30:00 18:30:00
27 33 788.000 0.970 313 543 14:00:00 16:00:00 15:00:00 16:00:00
41 26 827.000 0.581 309 488 14:00:00 15:30:00 15:00:00 18:00:00
34 29 377.000 0.484 577 380 12:00:00 13:00:00 13:00:00 16:00:00
43 31 741.000 0.411 441 492 09:00:00 10:30:00 10:00:00 13:00:00
50 1 488.000 0.400 419 487 08:30:00 09:30:00 11:30:00 12:30:00
45 32 768.000 0.963 549 328 09:00:00 10:00:00 10:00:00 11:00:00
49 30 980.000 1.401 563 350 11:00:00 13:00:00 13:00:00 14:00:00
42 22 472.000 0.329 324 595 12:00:00 13:00:00 13:00:00 16:00:00
36 43 886.000 1.092 563 431 13:00:00 14:00:00 13:00:00 16:00:00
13 3 116.000 0.066 375 533 09:30:00 11:00:00 10:30:00 11:30:00
28 42 112.000 0.119 574 434 13:00:00 14:30:00 16:00:00 17:00:00
18 2 603.000 0.739 508 326 08:30:00 10:30:00 10:30:00 13:30:00
3 23 620.000 0.480 307 554 11:30:00 13:00:00 12:30:00 13:30:00
10 41 187.000 0.230 488 526 12:00:00 13:30:00 14:00:00 16:00:00
4 38 453.000 0.296 467 553 09:30:00 11:30:00 10:30:00 13:30:00
10 40 942.000 0.508 498 468 09:00:00 11:00:00 11:00:00 13:00:00
15 46 910.000 1.091 518 594 13:30:00 15:30:00 14:30:00 15:30:00
13 14 277.000 0.149 505 530 09:00:00 10:30:00 10:00:00 11:00:00
37 34 689.000 0.568 514 528 09:00:00 10:00:00 09:00:00 10:00:00
9 1 952.000 0.959 567 363 08:00:00 10:00:00 09:00:00 10:00:00
49 2 922.000 1.306 486 436 10:30:00 12:00:00 10:30:00 12:30:00
48 17 38.000 0.039 395 427 10:00:00 11:00:00 11:00:00 12:00:00
8 45 925.000 0.524 320 367 10:00:00 12:00:00 12:00:00 14:00:00
5 6 874.000 0.743 337 414 10:30:00 12:00:00 11:30:00 13:30:00
43 21 557.000 0.614 587 569 08:00:00 09:00:00 09:00:00 12:00:00
13 3 647.000 0.862 367 392 08:00:00 09:00:00 09:00:00 10:00:00
29 39 983.000 1.433 348 497 12:30:00 14:00:00 14:30:00 15:30:00
33 32 549.000 0.777 379 519 14:00:00 15:30:00 16:00:00 18:00:00
16 42 773.000 0.884 539 465 08:00:00 10:00:00 10:00:00 12:00:00
29 11 603.000 0.419 532 470 10:00:00 11:00:00 11:00:00 13:00:00
31 50 846.000 1.076 370 580 13:00:00 14:30:00 15:00:00 16:00:00
8 30 582.000 0.546 498 498 13:30:00 15:30:00 15:30:00 16:30:00
24 46 869.000 0.908 508 398 09:00:00 11:00:00 10:00:00 13:00:00
1 2 787.000 0.707 413 583 13:00:00 14:00:00 14:00:00 16:00:00
18 29 616.000 0.763 351 579 13:00:00 14:00:00 15:00:00 16:00:00
50 46 209.000 0.148 446 456 12:00:00 14:00:00 14:00:00 16:00:00
10 40 164.000 0.220 432 541 12:30:00 13:30:00 14:30:00 16:30:00
9 39 58.000 0.050 435 586 08:30:00 10:00:00 09:30:00 10:30:00
14 30 383.000 0.566 447 351 09:30:00 11:00:00 10:30:00 11:30:00
41 6 643.000 0.905 573 569 12:00:00 13:30:00 14:00:00 17:00:00
34 10 470.000 0.421 414 445 09:00:00 10:00:00 11:00:00 14:00:00
32 43 202.000 0.276 401 537 13:00:00 14:30:00 14:00:00 16:00:00
2 12 136.000 0.143 425 510 14:00:00 15:30:00 16:00:00 17:00:00
45 39 599.000 0.781 337 367 09:00:00 11:00:00 11:00:00 14:00:00
22 45 730.000 0.524 502 571 13:30:00 15:30:00 15:30:00 18:30:00
43 4 181.000 0.220 422 311 09:30:00 10:30:00 10:30:00 11:30:00
8 48 755.000 0.915 319 517 08:00:00 09:30:00 08:00:00 09:00:00
34 35 66.000 0.093 461 545 08:00:00 09:00:00 09:00:00 12:00:00
20 50 986.000 0.989 321 444 08:30:00 10:30:00 09:30:00 10:30:00
8 19 580.000 0.620 433 330 14:00:00 16:00:00 15:00:00 17:00:00
35 22 30.000 0.031 562 425 14:00:00 15:30:00 15:00:00 18:00:00
5 49 559.000 0.436 452 445 13:30:00 15:00:00 14:30:00 15:30:00
43 33 374.000 0.344 427 486 10:00:00 11:00:00 11:00:00 14:00:00
27 26 676.000 0.668 546 466 12:30:00 14:30:00 13:30:00 15:30:00
8 19 626.000 0.482 587 305 12:30:00 14:00:00 14:30:00 15:30:00
14 27 316.000 0.278 381 354 08:30:00 09:30:00 10:30:00 11:30:00
45 2 513.000 0.622 571 368 14:00:00 15:00:00 15:00:00 16:00:00
6 49 748.000 1.058 315 464 14:00:00 15:30:00 16:00:00 18:00:00
15 17 900.000 1.026 569 374 09:00:00 10:00:00 10:00:00 13:00:00
16 14 738.000 1.009 420 375 08:30:00 09:30:00 09:30:00 10:30:00
13 34 298.000 0.308 414 452 10:30:00 12:00:00 11:30:00 12:30:00
35 44 737.000 0.677 328 304 10:30:00 12:30:00 12:30:00 15:30:00
7 25 365.000 0.264 356 350 09:30:00 10:30:00 11:30:00 13:30:00
23 7 249.000 0.315 515 318 10:30:00 11:30:00 12:30:00 13:30:00
31 40 412.000 0.524 580 384 14:00:00 15:30:00 15:00:00 17:00:00
39 27 906.000 1.084 350 511 09:30:00 11:00:00 10:30:00 13:30:00
34 45 18.000 0.019 501 370 12:00:00 13:00:00 14:00:00 17:00:00
41 42 922.000 1.243 590 302 08:30:00 10:00:00 09:30:00 11:30:00
12 43 239.000 0.214 365 551 14:00:00 15:30:00 15:00:00 17:00:00
3 21 604.000 0.843 452 550 11:00:00 13:00:00 12:00:00 13:00:00
20 41 677.000 0.745 487 436 09:00:00 10:30:00 11:00:00 13:00:00
31 32 835.000 0.776 300 397 09:00:00 10:30:00 10:00:00 12:00:00
24 47 405.000 0.345 578 531 13:30:00 15:30:00 13:30:00 14:30:00
5 41 815.000 0.885 437 357 13:30:00 15:30:00 15:30:00 16:30:00
25 34 658.000 0.951 320 497 11:00:00 12:30:00 13:00:00 16:00:00
37 33 359.000 0.498 332 418 08:00:00 10:00:00 09:00:00 10:00:00
43 45 118.000 0.106 410 354 12:00:00 13:00:00 14:00:00 16:00:00
37 27 39.000 0.042 495 589 12:00:00 14:00:00 14:00:00 15:00:00
38 13 235.000 0.330 302 412 10:00:00 12:00:00 11:00:00 13:00:00
10 15 395.000 0.271 521 532 08:30:00 10:30:00 08:30:00 11:30:00
7 38 900.000 0.919 533 398 10:30:00 11:30:00 12:30:00 14:30:00
47 29 36.000 0.043 464 318 12:00:00 13:00:00 14:00:00 17:00:00
4 11 421.000 0.357 427 461 13:00:00 14:00:00 14:00:00 17:00:00
43 13 626.000 0.389 399 405 13:30:00 14:30:00 15:30:00 18:30:00
43 40 816.000 0.682 596 343 12:30:00 14:00:00 13:30:00 16:30:00
50 37 506.000 0.730 460 538 10:00:00 11:00:00 11:00:00 12:00:00
26 37 241.000 0.133 505 367 12:00:00 13:30:00 13:00:00 16:00:00
3 48 785.000 1.148 575 396 08:00:00 10:00:00 09:00:00 12:00:00
9 11 395.000 0.562 447 365 12:00:00 13:30:00 13:00:00 16:00:00
14 18 186.000 0.227 440 585 09:00:00 10:30:00 09:00:00 12:00:00
50 24 171.000 0.086 522 499 10:30:00 12:30:00 12:30:00 13:30:00
2 29 724.000 1.056 314 344 11:30:00 13:30:00 12:30:00 15:30:00
6 40 893.000 0.972 353 447 11:30:00 13:00:00 11:30:00 13:30:00
30 4 415.000 0.373 394 330 11:00:00 13:00:00 13:00:00 14:00:00
3 28 214.000 0.224 517 382 09:30:00 10:30:00 10:30:00 12:30:00
30 50 408.000 0.342 303 471 08:00:00 09:30:00 09:00:00 10:00:00
38 49 34.000 0.042 520 526 13:30:00 14:30:00 15:30:00 18:30:00
15 11 34.000 0.036 390 532 11:00:00 12:30:00 12:00:00 14:00:00
37 10 758.000 0.939 404 559 08:00:00 09:30:00 10:00:00 11:00:00
14 7 175.000 0.183 549 400 14:00:00 15:30:00 14:00:00 16:00:00
42 33 628.000 0.417 394 463 12:00:00 13:00:00 13:00:00 14:00:00
7 34 463.000 0.503 438 550 13:00:00 14:30:00 14:00:00 16:00:00
19 34 5.000 0.003 336 519 11:00:00 13:00:00 11:00:00 13:00:00
9 13 247.000 0.145 335 465 13:30:00 14:30:00 16:30:00 19:30:00
2 31 579.000 0.709 476 483 14:00:00 15:00:00 15:00:00 16:00:00
1 22 716.000 0.575 405 524 12:00:00 14:00:00 13:00:00 16:00:00
1 5 29.000 0.039 339 545 08:30:00 10:30:00 10:30:00 11:30:00
43 24 735.000 0.931 538 337 11:30:00 12:30:00 12:30:00 15:30:00
28 50 298.000 0.288 582 389 08:00:00 09:30:00 10:00:00 12:00:00
17 13 704.000 0.451 323 340 13:30:00 14:30:00 14:30:00 17:30:00
30 28 871.000 0.740 447 554 14:00:00 16:00:00 14:00:00 17:00:00
18 21 117.000 0.080 485 440 11:00:00 13:00:00 13:00:00 15:00:00
29 43 70.000 0.061 528 569 10:30:00 12:00:00 11:30:00 13:30:00
