50
0 35 67 104 21 85 14 54 49 11 75 73 12 46 60 45 38 43 30 58 74 13 40 57 84 74 86 50 54 84 38 95 87 133 19 33 33 16 66 52 91 61 52 57 105 30 59 77 29 87
35 0 92 129 56 110 33 89 28 28 100 108 31 81 85 70 45 68 61 93 99 32 41 82 109 109 111 75 79 119 59 120 52 158 54 40 48 27 91 77 68 86 39 82 130 19 84 112 54 112
67 92 0 37 60 18 59 93 64 64 10 112 79 85 69 46 47 30 97 97 7 80 107 14 17 113 19 17 67 123 33 72 48 66 86 100 44 83 53 21 52 16 119 10 54 73 40 116 38 56
104 129 37 0 85 23 96 96 101 101 29 77 116 90 44 59 84 61 134 88 30 117 144 49 40 92 18 54 50 88 70 37 83 29 123 137 81 120 38 52 87 43 156 47 19 110 45 81 75 21
21 56 60 85 0 66 35 33 70 32 56 52 31 25 41 26 59 30 49 37 55 32 59 74 65 53 67 53 35 63 59 76 108 114 38 52 54 35 47 39 112 44 71 60 86 51 40 56 48 68
85 110 18 23 66 0 77 81 82 82 10 100 97 73 57 40 65 42 115 85 11 98 125 28 17 101 7 35 55 111 51 60 64 48 104 118 62 101 41 33 64 24 137 28 42 91 28 104 56 44
14 33 59 96 35 77 0 68 35 5 67 87 20 60 52 37 24 35 40 72 66 21 48 49 76 88 78 42 46 98 26 87 73 125 33 41 19 24 58 44 77 53 60 49 97 16 51 91 21 79
54 89 93 96 33 81 68 0 103 65 83 23 58 8 52 47 92 63 38 8 88 57 48 107 98 20 78 86 46 40 92 87 141 125 35 49 87 62 58 72 145 77 60 93 97 84 53 23 81 79
49 28 64 101 70 82 35 103 0 38 72 122 45 95 79 56 17 40 75 107 71 46 55 54 81 123 83 47 77 133 31 92 38 130 68 54 20 41 63 49 42 58 55 54 102 19 56 126 26 84
11 28 64 101 32 82 5 65 38 0 72 84 15 57 57 42 27 40 37 69 71 16 43 54 81 85 83 47 51 95 31 92 76 130 30 36 22 19 63 49 80 58 55 54 102 19 56 88 26 84
75 100 10 29 56 10 67 83 72 72 0 102 87 75 59 36 55 32 105 87 5 88 115 24 15 103 11 25 57 113 41 62 58 58 94 108 52 91 43 23 62 14 127 18 44 81 30 106 46 46
73 108 112 77 52 100 87 23 122 84 102 0 77 27 43 66 111 82 61 15 107 76 71 126 117 19 93 105 45 17 111 64 160 102 54 68 106 81 59 91 164 96 83 112 74 103 72 6 100 56
12 31 79 116 31 97 20 58 45 15 87 77 0 50 72 57 34 55 30 62 86 1 28 69 96 78 98 62 66 88 46 107 83 145 23 21 35 4 78 64 87 73 40 69 117 26 71 81 41 99
46 81 85 90 25 73 60 8 95 57 75 27 50 0 46 39 84 55 44 12 80 49 54 99 90 28 72 78 40 38 84 81 133 119 33 47 79 54 52 64 137 69 66 85 91 76 45 31 73 73
60 85 69 44 41 57 52 52 79 57 59 43 72 46 0 23 68 39 90 44 64 73 100 83 74 48 50 62 6 54 68 35 117 73 79 93 63 76 16 48 121 53 112 69 45 66 29 47 57 27
45 70 46 59 26 40 37 47 56 42 36 66 57 39 23 0 45 16 75 51 41 58 85 60 51 67 41 39 21 77 45 50 94 88 64 78 40 61 21 25 98 30 97 46 60 51 14 70 34 42
38 45 47 84 59 65 24 92 17 27 55 111 34 84 68 45 0 29 64 96 54 35 60 37 64 112 66 30 66 122 14 75 49 113 57 53 5 36 52 32 53 41 72 37 85 26 39 115 11 67
43 68 30 61 30 42 35 63 40 40 32 82 55 55 39 16 29 0 73 67 31 56 83 44 41 83 43 23 37 93 29 52 78 90 62 76 24 59 23 9 82 18 95 30 62 49 16 86 18 44
30 61 97 134 49 115 40 38 75 37 105 61 30 44 90 75 64 73 0 46 104 29 20 87 114 48 116 80 84 78 64 125 113 163 11 21 59 34 96 82 117 91 22 87 135 56 89 55 59 117
58 93 97 88 37 85 72 8 107 69 87 15 62 12 44 51 96 67 46 0 92 61 56 111 102 16 78 90 38 32 96 79 145 117 39 53 91 66 50 76 149 81 68 97 89 88 57 19 85 71
74 99 7 30 55 11 66 88 71 71 5 107 86 80 64 41 54 31 104 92 0 87 114 19 10 108 14 24 62 118 40 67 53 59 93 107 51 90 48 22 57 13 126 17 49 80 35 111 45 51
13 32 80 117 32 98 21 57 46 16 88 76 1 49 73 58 35 56 29 61 87 0 27 70 97 77 99 63 67 87 47 108 84 146 22 20 36 5 79 65 88 74 39 70 118 27 72 80 42 100
40 41 107 144 59 125 48 48 55 43 115 71 28 54 100 85 60 83 20 56 114 27 0 97 124 68 126 90 94 88 74 135 93 173 21 7 63 24 106 92 97 101 12 97 145 36 99 71 69 127
57 82 14 49 74 28 49 107 54 54 24 126 69 99 83 60 37 44 87 111 19 70 97 0 27 127 33 21 81 137 23 86 36 76 76 90 34 73 67 35 38 30 109 14 68 63 54 130 28 70
84 109 17 40 65 17 76 98 81 81 15 117 96 90 74 51 64 41 114 102 10 97 124 27 0 118 24 34 72 128 50 77 63 49 103 117 61 100 58 32 47 23 136 27 59 90 45 121 55 61
74 109 113 92 53 101 88 20 123 85 103 19 78 28 48 67 112 83 48 16 108 77 68 127 118 0 94 106 46 36 112 83 161 121 55 69 107 82 60 92 165 97 70 113 93 104 73 13 101 75
86 111 19 18 67 7 78 78 83 83 11 93 98 72 50 41 66 43 116 78 14 99 126 33 24 94 0 36 48 104 52 53 67 47 105 119 63 102 34 34 71 25 138 29 35 92 27 97 57 37
50 75 17 54 53 35 42 86 47 47 25 105 62 78 62 39 30 23 80 90 24 63 90 21 34 106 36 0 60 116 16 65 55 83 69 83 27 66 46 14 59 11 102 7 55 56 33 109 21 49
54 79 67 50 35 55 46 46 77 51 57 45 66 40 6 21 66 37 84 38 62 67 94 81 72 46 48 60 0 56 66 41 115 79 73 87 61 70 14 46 119 51 106 67 51 60 27 49 55 33
84 119 123 88 63 111 98 40 133 95 113 17 88 38 54 77 122 93 78 32 118 87 88 137 128 36 104 116 56 0 122 51 171 85 67 81 117 92 70 102 175 107 100 123 69 114 83 23 111 67
38 59 33 70 59 51 26 92 31 31 41 111 46 84 68 45 14 29 64 96 40 47 74 23 50 112 52 16 66 122 0 71 49 99 57 67 11 50 52 20 53 27 86 23 71 40 39 115 11 55
95 120 72 37 76 60 87 87 92 92 62 64 107 81 35 50 75 52 125 79 67 108 135 86 77 83 53 65 41 51 71 0 120 38 114 128 72 111 29 51 124 56 147 72 18 101 36 70 66 16
87 52 48 83 108 64 73 141 38 76 58 160 83 133 117 94 49 78 113 145 53 84 93 36 63 161 67 55 115 171 49 120 0 112 106 92 54 79 101 69 22 64 91 48 102 57 88 164 60 104
133 158 66 29 114 48 125 125 130 130 58 102 145 119 73 88 113 90 163 117 59 146 173 76 49 121 47 83 79 85 99 38 112 0 152 166 110 149 67 81 90 72 185 76 28 139 74 108 104 46
19 54 86 123 38 104 33 35 68 30 94 54 23 33 79 64 57 62 11 39 93 22 21 76 103 55 105 69 73 67 57 114 106 152 0 14 52 27 85 71 110 80 33 76 124 49 78 58 48 106
33 40 100 137 52 118 41 49 54 36 108 68 21 47 93 78 53 76 21 53 107 20 7 90 117 69 119 83 87 81 67 128 92 166 14 0 56 17 99 85 96 94 19 90 138 35 92 72 62 120
33 48 44 81 54 62 19 87 20 22 52 106 35 79 63 40 5 24 59 91 51 36 63 34 61 107 63 27 61 117 11 72 54 110 52 56 0 39 47 29 58 38 75 34 82 29 36 110 6 64
16 27 83 120 35 101 24 62 41 19 91 81 4 54 76 61 36 59 34 66 90 5 24 73 100 82 102 66 70 92 50 111 79 149 27 17 39 0 82 68 83 77 36 73 121 22 75 85 45 103
66 91 53 38 47 41 58 58 63 63 43 59 78 52 16 21 52 23 96 50 48 79 106 67 58 60 34 46 14 70 52 29 101 67 85 99 47 82 0 32 105 37 118 53 39 72 13 63 41 21
52 77 21 52 39 33 44 72 49 49 23 91 64 64 48 25 32 9 82 76 22 65 92 35 32 92 34 14 46 102 20 51 69 81 71 85 29 68 32 0 73 9 104 21 53 58 19 95 23 35
91 68 52 87 112 64 77 145 42 80 62 164 87 137 121 98 53 82 117 149 57 88 97 38 47 165 71 59 119 175 53 124 22 90 110 96 58 83 105 73 0 68 95 52 106 61 92 168 64 108
61 86 16 43 44 24 53 77 58 58 14 96 73 69 53 30 41 18 91 81 13 74 101 30 23 97 25 11 51 107 27 56 64 72 80 94 38 77 37 9 68 0 113 16 44 67 24 100 32 40
52 39 119 156 71 137 60 60 55 55 127 83 40 66 112 97 72 95 22 68 126 39 12 109 136 70 138 102 106 100 86 147 91 185 33 19 75 36 118 104 95 113 0 109 157 46 111 77 81 139
57 82 10 47 60 28 49 93 54 54 18 112 69 85 69 46 37 30 87 97 17 70 97 14 27 113 29 7 67 123 23 72 48 76 76 90 34 73 53 21 52 16 109 0 54 63 40 116 28 56
105 130 54 19 86 42 97 97 102 102 44 74 117 91 45 60 85 62 135 89 49 118 145 68 59 93 35 55 51 69 71 18 102 28 124 138 82 121 39 53 106 44 157 54 0 111 46 80 76 18
30 19 73 110 51 91 16 84 19 19 81 103 26 76 66 51 26 49 56 88 80 27 36 63 90 104 92 56 60 114 40 101 57 139 49 35 29 22 72 58 61 67 46 63 111 0 65 107 35 93
59 84 40 45 40 28 51 53 56 56 30 72 71 45 29 14 39 16 89 57 35 72 99 54 45 73 27 33 27 83 39 36 88 74 78 92 36 75 13 19 92 24 111 40 46 65 0 76 30 28
77 112 116 81 56 104 91 23 126 88 106 6 81 31 47 70 115 86 55 19 111 80 71 130 121 13 97 109 49 23 115 70 164 108 58 72 110 85 63 95 168 100 77 116 80 107 76 0 104 62
29 54 38 75 48 56 21 81 26 26 46 100 41 73 57 34 11 18 59 85 45 42 69 28 55 101 57 21 55 111 11 66 60 104 48 62 6 45 41 23 64 32 81 28 76 35 30 104 0 58
87 112 56 21 68 44 79 79 84 84 46 56 99 73 27 42 67 44 117 71 51 100 127 70 61 75 37 49 33 67 55 16 104 46 106 120 64 103 21 35 108 40 139 56 18 93 28 62 58 0
100
42 07:00:00 17:00:00 4000.000 4.869 40.000
34 07:00:00 17:00:00 3000.000 2.186 65.000
2 08:00:00 18:00:00 2500.000 2.210 40.000
17 08:00:00 18:00:00 4500.000 3.198 60.000
14 08:00:00 18:00:00 3500.000 2.336 65.000
17 07:00:00 17:00:00 2500.000 2.243 55.000
48 08:00:00 18:00:00 2000.000 2.077 70.000
49 07:00:00 17:00:00 3000.000 3.690 65.000
45 08:00:00 18:00:00 3000.000 3.014 55.000
24 07:00:00 17:00:00 3000.000 3.954 40.000
13 07:00:00 17:00:00 4500.000 3.702 40.000
31 08:00:00 18:00:00 4500.000 4.794 50.000
20 08:00:00 18:00:00 2500.000 2.913 60.000
18 07:00:00 17:00:00 2000.000 1.680 60.000
4 08:00:00 18:00:00 2000.000 1.840 60.000
17 07:00:00 17:00:00 4500.000 5.097 70.000
11 07:00:00 17:00:00 3000.000 3.968 40.000
9 08:00:00 18:00:00 4500.000 3.645 55.000
10 08:00:00 18:00:00 4000.000 3.037 60.000
50 08:00:00 18:00:00 3500.000 3.586 40.000
14 07:00:00 17:00:00 2000.000 1.872 50.000
41 08:00:00 18:00:00 2500.000 3.288 65.000
1 07:00:00 17:00:00 2000.000 1.596 40.000
12 07:00:00 17:00:00 4500.000 4.185 55.000
19 07:00:00 17:00:00 2000.000 2.188 60.000
4 08:00:00 18:00:00 3000.000 3.560 40.000
19 07:00:00 17:00:00 4000.000 4.739 40.000
19 07:00:00 17:00:00 4000.000 2.901 40.000
44 08:00:00 18:00:00 5000.000 4.313 50.000
8 07:00:00 17:00:00 2000.000 2.397 70.000
14 07:00:00 17:00:00 3000.000 2.682 40.000
47 07:00:00 17:00:00 2500.000 2.482 55.000
19 08:00:00 18:00:00 4000.000 3.832 70.000
41 07:00:00 17:00:00 3500.000 3.176 70.000
19 08:00:00 18:00:00 4500.000 3.999 45.000
37 07:00:00 17:00:00 4000.000 5.312 60.000
19 08:00:00 18:00:00 5000.000 4.083 65.000
32 07:00:00 17:00:00 3000.000 3.554 40.000
44 08:00:00 18:00:00 4500.000 4.935 45.000
4 08:00:00 18:00:00 5000.000 5.640 65.000
18 07:00:00 17:00:00 2000.000 1.991 40.000
15 07:00:00 17:00:00 3000.000 3.846 50.000
11 08:00:00 18:00:00 2000.000 2.528 50.000
35 08:00:00 18:00:00 2000.000 1.456 65.000
48 08:00:00 18:00:00 4000.000 5.141 70.000
47 08:00:00 18:00:00 5000.000 5.857 55.000
13 07:00:00 17:00:00 5000.000 5.337 55.000
32 07:00:00 17:00:00 2500.000 2.215 50.000
10 07:00:00 17:00:00 4000.000 4.733 55.000
35 07:00:00 17:00:00 3500.000 4.601 60.000
42 07:00:00 17:00:00 2000.000 2.167 40.000
20 07:00:00 17:00:00 4500.000 5.736 60.000
18 07:00:00 17:00:00 4500.000 3.633 70.000
18 07:00:00 17:00:00 3000.000 3.084 70.000
21 08:00:00 18:00:00 2500.000 1.792 50.000
2 07:00:00 17:00:00 3000.000 2.062 50.000
24 08:00:00 18:00:00 2500.000 1.968 65.000
19 08:00:00 18:00:00 4500.000 5.520 55.000
26 07:00:00 17:00:00 3000.000 3.880 65.000
49 08:00:00 18:00:00 4500.000 4.464 50.000
48 08:00:00 18:00:00 5000.000 4.820 60.000
4 08:00:00 18:00:00 5000.000 5.393 55.000
32 07:00:00 17:00:00 2000.000 1.800 50.000
2 07:00:00 17:00:00 2500.000 3.233 40.000
39 08:00:00 18:00:00 2500.000 2.618 70.000
19 07:00:00 17:00:00 4500.000 3.219 45.000
14 07:00:00 17:00:00 2000.000 1.896 55.000
39 07:00:00 17:00:00 4500.000 3.411 40.000
35 08:00:00 18:00:00 4500.000 5.952 65.000
13 08:00:00 18:00:00 4000.000 5.048 70.000
44 07:00:00 17:00:00 4000.000 3.808 50.000
19 08:00:00 18:00:00 3000.000 3.790 55.000
28 08:00:00 18:00:00 5000.000 4.520 40.000
40 07:00:00 17:00:00 2500.000 2.020 60.000
24 08:00:00 18:00:00 2000.000 2.201 60.000
22 08:00:00 18:00:00 4500.000 4.221 40.000
27 07:00:00 17:00:00 2500.000 3.063 70.000
4 08:00:00 18:00:00 3500.000 4.270 45.000
25 08:00:00 18:00:00 3500.000 4.536 40.000
2 08:00:00 18:00:00 3500.000 3.351 50.000
15 08:00:00 18:00:00 2000.000 1.363 70.000
35 08:00:00 18:00:00 2500.000 1.777 40.000
42 07:00:00 17:00:00 4500.000 3.672 45.000
37 07:00:00 17:00:00 3500.000 2.422 70.000
43 08:00:00 18:00:00 4500.000 4.338 40.000
26 08:00:00 18:00:00 3000.000 2.784 45.000
11 08:00:00 18:00:00 5000.000 4.283 70.000
23 08:00:00 18:00:00 2500.000 3.285 40.000
39 07:00:00 17:00:00 2000.000 2.348 55.000
28 08:00:00 18:00:00 5000.000 5.867 70.000
11 07:00:00 17:00:00 4500.000 3.528 60.000
23 08:00:00 18:00:00 4500.000 5.136 40.000
27 08:00:00 18:00:00 3000.000 2.920 65.000
8 07:00:00 17:00:00 2500.000 3.295 60.000
7 07:00:00 17:00:00 3000.000 3.386 70.000
17 08:00:00 18:00:00 4000.000 3.779 65.000
14 08:00:00 18:00:00 3500.000 2.959 60.000
5 07:00:00 17:00:00 4000.000 3.621 65.000
30 08:00:00 18:00:00 3500.000 2.583 65.000
4 07:00:00 17:00:00 3000.000 2.138 50.000
1000
18 31 88.000 0.104 510 316 11:00:00 12:00:00 12:00:00 14:00:00
43 18 631.000 0.696 474 599 10:30:00 12:00:00 11:30:00 13:30:00
49 21 171.000 0.129 540 425 12:00:00 13:30:00 12:00:00 14:00:00
24 36 496.000 0.425 574 574 10:30:00 12:00:00 11:30:00 13:30:00
42 38 612.000 0.645 300 411 09:00:00 10:30:00 11:00:00 13:00:00
44 40 534.000 0.381 550 541 08:00:00 10:00:00 09:00:00 11:00:00
5 8 583.000 0.563 395 419 09:30:00 11:00:00 10:30:00 11:30:00
12 42 375.000 0.191 504 301 13:30:00 15:30:00 15:30:00 16:30:00
18 1 122.000 0.083 314 595 13:00:00 14:00:00 13:00:00 14:00:00
24 28 10.000 0.008 457 556 10:30:00 11:30:00 11:30:00 13:30:00
31 16 366.000 0.503 560 591 10:30:00 12:30:00 11:30:00 12:30:00
36 7 211.000 0.124 347 367 09:30:00 11:30:00 09:30:00 11:30:00
50 14 421.000 0.304 302 473 09:30:00 10:30:00 11:30:00 14:30:00
44 16 2.000 0.001 518 441 12:00:00 13:30:00 12:00:00 15:00:00
47 14 46.000 0.060 584 378 08:30:00 09:30:00 08:30:00 09:30:00
9 2 229.000 0.204 426 436 10:00:00 11:00:00 11:00:00 12:00:00
34 42 175.000 0.199 386 597 09:00:00 11:00:00 10:00:00 13:00:00
40 25 451.000 0.420 363 301 08:30:00 10:00:00 09:30:00 12:30:00
19 13 379.000 0.413 549 556 09:30:00 10:30:00 10:30:00 11:30:00
4 3 739.000 0.871 578 451 11:30:00 13:30:00 11:30:00 14:30:00
47 26 895.000 1.164 566 318 09:30:00 10:30:00 10:30:00 11:30:00
22 10 855.000 0.461 486 324 11:00:00 13:00:00 11:00:00 12:00:00
35 5 691.000 0.883 392 383 09:30:00 11:00:00 09:30:00 10:30:00
43 2 243.000 0.243 334 442 08:00:00 09:00:00 09:00:00 10:00:00
10 35 148.000 0.170 367 420 08:30:00 10:00:00 08:30:00 11:30:00
21 45 479.000 0.362 330 427 10:30:00 11:30:00 10:30:00 13:30:00
18 7 339.000 0.299 415 409 13:30:00 15:00:00 13:30:00 16:30:00
38 17 389.000 0.391 566 314 08:00:00 09:00:00 08:00:00 11:00:00
35 6 460.000 0.331 502 302 14:00:00 15:30:00 17:00:00 19:00:00
49 33 257.000 0.255 577 565 10:00:00 11:30:00 11:00:00 14:00:00
30 23 119.000 0.080 581 580 11:30:00 13:30:00 12:30:00 14:30:00
2 1 523.000 0.280 587 542 10:00:00 11:30:00 11:00:00 14:00:00
26 19 47.000 0.026 499 457 12:30:00 14:30:00 13:30:00 14:30:00
19 28 900.000 1.262 412 515 10:30:00 12:30:00 12:30:00 13:30:00
13 41 920.000 1.195 415 532 11:30:00 12:30:00 13:30:00 14:30:00
1 31 639.000 0.951 346 504 10:00:00 11:00:00 11:00:00 13:00:00
27 18 716.000 0.930 386 447 12:00:00 14:00:00 12:00:00 13:00:00
48 36 513.000 0.294 404 505 08:00:00 09:30:00 09:00:00 11:00:00
15 21 557.000 0.755 524 490 13:30:00 15:30:00 14:30:00 16:30:00
17 12 747.000 0.472 584 480 08:30:00 10:30:00 11:30:00 12:30:00
22 1 666.000 0.807 467 562 13:30:00 14:30:00 13:30:00 16:30:00
33 49 568.000 0.548 447 409 08:00:00 09:30:00 09:00:00 12:00:00
20 7 699.000 0.569 442 320 12:00:00 14:00:00 14:00:00 15:00:00
19 4 49.000 0.032 471 575 11:30:00 13:00:00 14:30:00 16:30:00
18 24 935.000 1.274 531 518 08:00:00 09:30:00 08:00:00 11:00:00
10 13 337.000 0.443 473 489 09:00:00 11:00:00 10:00:00 11:00:00
50 38 584.000 0.739 331 511 08:30:00 10:00:00 10:30:00 13:30:00
17 16 733.000 1.086 387 550 08:00:00 09:00:00 09:00:00 11:00:00
25 21 4.000 0.002 440 342 10:30:00 11:30:00 10:30:00 13:30:00
31 8 291.000 0.169 452 485 11:00:00 12:00:00 13:00:00 14:00:00
46 34 303.000 0.301 476 458 11:30:00 12:30:00 14:30:00 17:30:00
49 46 870.000 0.641 446 332 14:00:00 16:00:00 14:00:00 17:00:00
44 7 751.000 0.804 445 360 11:30:00 13:30:00 12:30:00 15:30:00
29 18 192.000 0.134 596 578 12:00:00 13:30:00 13:00:00 16:00:00
39 21 784.000 0.922 489 364 08:30:00 10:30:00 09:30:00 12:30:00
42 10 337.000 0.231 341 339 09:00:00 11:00:00 10:00:00 11:00:00
22 29 320.000 0.376 359 572 08:00:00 09:30:00 10:00:00 13:00:00
21 24 215.000 0.264 552 440 13:00:00 14:00:00 14:00:00 17:00:00
33 15 260.000 0.364 323 386 12:30:00 13:30:00 15:30:00 18:30:00
20 6 554.000 0.542 423 471 13:30:00 15:00:00 14:30:00 15:30:00
40 10 567.000 0.797 515 329 12:00:00 13:30:00 13:00:00 15:00:00
29 16 91.000 0.121 501 308 10:30:00 11:30:00 11:30:00 12:30:00
47 37 10.000 0.010 566 440 12:00:00 13:00:00 12:00:00 13:00:00
13 38 592.000 0.828 384 472 10:30:00 12:30:00 11:30:00 14:30:00
29 41 882.000 1.139 517 485 09:30:00 10:30:00 11:30:00 13:30:00
18 22 279.000 0.291 533 495 09:30:00 11:30:00 11:30:00 13:30:00
26 46 251.000 0.157 566 349 10:30:00 11:30:00 13:30:00 14:30:00
30 17 969.000 0.862 368 588 13:30:00 15:30:00 15:30:00 17:30:00
16 41 469.000 0.402 426 594 10:30:00 12:30:00 12:30:00 14:30:00
34 41 179.000 0.220 451 541 14:00:00 15:00:00 15:00:00 16:00:00
19 3 909.000 0.695 589 513 09:30:00 11:00:00 11:30:00 14:30:00
27 9 104.000 0.125 340 371 09:00:00 10:30:00 10:00:00 12:00:00
50 28 436.000 0.294 598 494 10:00:00 11:30:00 11:00:00 14:00:00
35 25 130.000 0.165 345 490 10:30:00 11:30:00 12:30:00 15:30:00
15 22 22.000 0.018 513 417 08:30:00 09:30:00 09:30:00 10:30:00
34 35 312.000 0.242 541 323 09:30:00 11:30:00 12:30:00 15:30:00
19 39 382.000 0.259 387 385 10:00:00 11:30:00 11:00:00 14:00:00
17 7 944.000 1.374 300 491 13:30:00 15:30:00 14:30:00 16:30:00
5 2 584.000 0.766 356 536 12:00:00 13:30:00 14:00:00 16:00:00
9 25 606.000 0.725 365 399 09:00:00 10:30:00 11:00:00 14:00:00
9 37 246.000 0.253 329 371 13:00:00 14:00:00 14:00:00 15:00:00
47 50 958.000 0.812 382 565 10:30:00 11:30:00 10:30:00 11:30:00
15 9 766.000 0.433 528 363 08:30:00 09:30:00 10:30:00 13:30:00
39 10 142.000 0.157 352 457 12:00:00 13:00:00 13:00:00 16:00:00
13 11 955.000 0.901 438 576 09:00:00 10:00:00 10:00:00 12:00:00
17 49 599.000 0.697 351 397 08:00:00 09:30:00 08:00:00 11:00:00
18 11 442.000 0.638 344 328 13:00:00 14:00:00 14:00:00 17:00:00
29 34 69.000 0.077 307 441 11:30:00 13:00:00 13:30:00 14:30:00
31 19 80.000 0.113 508 318 12:30:00 14:00:00 13:30:00 14:30:00
34 21 212.000 0.246 421 514 09:30:00 11:30:00 11:30:00 14:30:00
32 39 66.000 0.089 313 520 14:00:00 16:00:00 14:00:00 15:00:00
50 35 700.000 0.769 325 580 12:30:00 14:30:00 14:30:00 17:30:00
25 43 140.000 0.108 337 422 10:30:00 11:30:00 12:30:00 15:30:00
17 39 48.000 0.058 368 347 13:00:00 14:00:00 15:00:00 17:00:00
41 13 78.000 0.083 406 501 13:00:00 14:00:00 15:00:00 18:00:00
37 11 28.000 0.036 589 506 09:00:00 10:30:00 11:00:00 13:00:00
41 44 219.000 0.297 324 424 12:00:00 13:00:00 14:00:00 17:00:00
45 12 356.000 0.187 547 326 08:00:00 09:00:00 09:00:00 11:00:00
6 9 123.000 0.155 597 413 14:00:00 15:30:00 15:00:00 18:00:00
39 14 76.000 0.063 489 541 09:30:00 11:30:00 11:30:00 12:30:00
39 44 995.000 0.742 513 426 14:00:00 15:30:00 16:00:00 18:00:00
14 40 29.000 0.027 557 569 08:30:00 10:00:00 10:30:00 13:30:00
31 13 435.000 0.600 500 484 13:30:00 15:30:00 14:30:00 15:30:00
1 28 148.000 0.188 558 304 09:30:00 11:00:00 11:30:00 13:30:00
41 16 248.000 0.287 321 377 08:30:00 10:30:00 10:30:00 12:30:00
23 8 273.000 0.192 353 537 10:00:00 12:00:00 11:00:00 14:00:00
15 28 387.000 0.233 429 434 10:00:00 11:00:00 12:00:00 15:00:00
21 12 70.000 0.058 438 461 14:00:00 16:00:00 16:00:00 17:00:00
23 18 618.000 0.774 368 475 10:30:00 12:00:00 11:30:00 12:30:00
12 46 134.000 0.198 599 478 14:00:00 15:30:00 16:00:00 18:00:00
11 36 68.000 0.076 390 499 11:00:00 12:00:00 14:00:00 16:00:00
11 6 624.000 0.764 501 455 12:00:00 14:00:00 13:00:00 16:00:00
1 18 458.000 0.609 497 378 08:30:00 10:00:00 08:30:00 11:30:00
1 20 747.000 0.790 337 541 09:30:00 10:30:00 10:30:00 13:30:00
17 13 651.000 0.348 373 561 13:30:00 14:30:00 13:30:00 14:30:00
24 41 756.000 0.565 588 349 13:30:00 15:30:00 14:30:00 17:30:00
8 15 400.000 0.228 433 528 09:30:00 11:30:00 10:30:00 12:30:00
22 15 534.000 0.378 327 585 14:00:00 16:00:00 15:00:00 17:00:00
2 20 641.000 0.487 342 308 10:00:00 12:00:00 11:00:00 14:00:00
4 42 3.000 0.003 453 520 13:30:00 15:30:00 13:30:00 14:30:00
29 4 470.000 0.532 583 510 10:30:00 12:00:00 11:30:00 12:30:00
9 49 220.000 0.276 376 390 09:00:00 10:30:00 09:00:00 10:00:00
45 13 46.000 0.063 326 590 12:00:00 13:00:00 14:00:00 16:00:00
18 25 786.000 1.076 371 357 10:30:00 12:00:00 10:30:00 12:30:00
39 7 833.000 1.004 505 355 10:30:00 11:30:00 12:30:00 13:30:00
36 49 295.000 0.365 556 518 11:00:00 12:30:00 12:00:00 15:00:00
11 38 887.000 0.475 571 404 09:30:00 11:30:00 10:30:00 11:30:00
16 32 345.000 0.217 450 530 09:30:00 11:00:00 10:30:00 11:30:00
31 23 660.000 0.896 416 307 12:30:00 14:00:00 14:30:00 17:30:00
22 31 712.000 0.721 440 453 09:00:00 11:00:00 09:00:00 10:00:00
19 48 267.000 0.247 420 466 14:00:00 15:30:00 16:00:00 18:00:00
22 14 106.000 0.089 537 522 13:00:00 14:30:00 13:00:00 15:00:00
16 40 575.000 0.634 343 528 09:30:00 11:00:00 09:30:00 11:30:00
27 2 396.000 0.447 442 409 08:30:00 10:00:00 11:30:00 13:30:00
48 47 187.000 0.219 534 329 09:00:00 10:00:00 11:00:00 13:00:00
14 29 975.000 0.833 551 587 09:30:00 10:30:00 10:30:00 11:30:00
13 48 22.000 0.017 328 343 10:30:00 11:30:00 11:30:00 13:30:00
8 15 323.000 0.451 559 481 09:00:00 11:00:00 11:00:00 14:00:00
27 17 744.000 1.004 309 422 13:30:00 15:30:00 15:30:00 17:30:00
13 39 879.000 1.004 520 468 14:00:00 15:00:00 16:00:00 18:00:00
4 47 76.000 0.110 354 552 14:00:00 15:30:00 15:00:00 17:00:00
23 35 427.000 0.360 590 392 08:00:00 10:00:00 08:00:00 09:00:00
50 20 941.000 1.300 415 501 11:30:00 13:00:00 13:30:00 15:30:00
45 10 610.000 0.415 478 507 13:00:00 15:00:00 16:00:00 17:00:00
1 10 613.000 0.497 561 392 10:00:00 11:00:00 10:00:00 13:00:00
21 39 913.000 0.874 441 542 12:30:00 13:30:00 13:30:00 14:30:00
43 27 891.000 0.910 319 571 13:30:00 15:30:00 16:30:00 17:30:00
37 17 693.000 0.881 522 532 09:00:00 11:00:00 09:00:00 11:00:00
24 19 109.000 0.099 340 473 11:00:00 12:00:00 13:00:00 14:00:00
49 26 396.000 0.523 567 402 08:00:00 09:30:00 11:00:00 13:00:00
17 6 662.000 0.585 430 497 08:30:00 09:30:00 10:30:00 13:30:00
46 22 881.000 0.992 347 454 13:30:00 15:30:00 13:30:00 14:30:00
8 19 288.000 0.412 597 381 12:30:00 14:30:00 12:30:00 15:30:00
27 26 981.000 1.176 452 565 14:00:00 16:00:00 15:00:00 18:00:00
11 17 741.000 0.414 509 484 11:00:00 12:30:00 13:00:00 16:00:00
45 33 980.000 1.282 522 303 10:00:00 12:00:00 12:00:00 15:00:00
43 5 347.000 0.520 449 516 09:00:00 10:30:00 11:00:00 14:00:00
25 32 70.000 0.092 336 370 13:00:00 15:00:00 15:00:00 18:00:00
50 40 310.000 0.326 549 383 08:30:00 10:30:00 09:30:00 12:30:00
5 22 158.000 0.179 494 446 09:30:00 11:30:00 09:30:00 11:30:00
7 36 489.000 0.312 502 583 13:00:00 15:00:00 13:00:00 16:00:00
12 13 784.000 0.983 560 564 14:00:00 15:30:00 15:00:00 18:00:00
34 25 824.000 1.154 532 323 12:00:00 13:00:00 13:00:00 16:00:00
25 36 806.000 0.651 478 463 14:00:00 16:00:00 16:00:00 19:00:00
11 13 951.000 1.226 443 325 08:00:00 09:00:00 09:00:00 11:00:00
44 12 339.000 0.420 316 531 08:00:00 09:30:00 11:00:00 13:00:00
39 45 623.000 0.435 401 422 11:30:00 12:30:00 11:30:00 12:30:00
29 44 803.000 1.050 583 513 12:00:00 13:30:00 14:00:00 16:00:00
45 1 193.000 0.193 315 470 09:30:00 10:30:00 12:30:00 14:30:00
23 24 362.000 0.301 575 443 08:30:00 10:00:00 09:30:00 12:30:00
42 43 259.000 0.132 487 564 13:30:00 15:00:00 16:30:00 18:30:00
25 18 195.000 0.133 575 357 08:30:00 09:30:00 08:30:00 10:30:00
15 3 43.000 0.057 326 451 09:00:00 10:00:00 11:00:00 12:00:00
21 48 380.000 0.375 507 476 14:00:00 15:30:00 17:00:00 19:00:00
18 40 209.000 0.310 562 533 13:30:00 15:00:00 14:30:00 15:30:00
2 45 264.000 0.239 352 377 08:00:00 09:30:00 11:00:00 13:00:00
7 49 153.000 0.114 454 487 12:30:00 13:30:00 12:30:00 14:30:00
7 33 636.000 0.635 330 420 11:00:00 12:00:00 12:00:00 14:00:00
2 4 88.000 0.070 328 362 08:30:00 10:30:00 10:30:00 12:30:00
39 37 926.000 0.471 397 338 11:30:00 13:00:00 11:30:00 12:30:00
35 18 262.000 0.309 379 489 12:30:00 14:30:00 14:30:00 16:30:00
19 17 841.000 0.706 321 356 14:00:00 15:30:00 15:00:00 18:00:00
2 23 949.000 1.328 394 351 11:00:00 12:30:00 12:00:00 13:00:00
3 21 550.000 0.691 352 390 12:30:00 14:00:00 12:30:00 15:30:00
35 16 277.000 0.204 402 488 14:00:00 15:30:00 15:00:00 17:00:00
39 9 90.000 0.117 525 558 13:30:00 15:00:00 14:30:00 15:30:00
32 33 722.000 0.969 362 322 08:00:00 10:00:00 10:00:00 12:00:00
43 49 656.000 0.954 445 309 13:00:00 15:00:00 15:00:00 18:00:00
46 45 49.000 0.033 406 370 09:00:00 11:00:00 12:00:00 15:00:00
3 47 414.000 0.525 436 559 14:00:00 15:30:00 14:00:00 16:00:00
17 39 931.000 1.016 454 381 10:00:00 12:00:00 12:00:00 15:00:00
46 19 576.000 0.452 537 587 13:30:00 15:00:00 15:30:00 17:30:00
39 28 903.000 1.279 325 511 09:00:00 11:00:00 10:00:00 13:00:00
38 21 569.000 0.744 584 524 08:00:00 09:00:00 10:00:00 12:00:00
3 25 448.000 0.250 467 309 10:30:00 12:30:00 11:30:00 14:30:00
45 2 106.000 0.148 344 434 12:30:00 14:00:00 14:30:00 17:30:00
28 8 108.000 0.071 411 303 10:00:00 11:30:00 12:00:00 13:00:00
39 34 274.000 0.147 595 407 13:00:00 14:30:00 15:00:00 17:00:00
43 18 555.000 0.789 403 500 10:30:00 11:30:00 11:30:00 14:30:00
15 6 610.000 0.681 561 380 12:30:00 14:30:00 14:30:00 15:30:00
17 25 905.000 0.675 360 503 08:30:00 10:30:00 09:30:00 11:30:00
45 12 311.000 0.305 495 399 10:00:00 12:00:00 12:00:00 15:00:00
44 20 651.000 0.381 354 437 12:30:00 14:30:00 14:30:00 16:30:00
14 31 817.000 0.452 584 577 08:30:00 10:30:00 10:30:00 11:30:00
8 35 425.000 0.541 431 443 08:30:00 09:30:00 09:30:00 12:30:00
6 36 511.000 0.743 478 406 12:00:00 14:00:00 15:00:00 17:00:00
23 37 278.000 0.334 458 433 10:30:00 12:30:00 12:30:00 14:30:00
14 13 90.000 0.131 561 504 10:00:00 12:00:00 11:00:00 13:00:00
44 1 893.000 0.556 347 388 12:30:00 13:30:00 13:30:00 16:30:00
28 39 896.000 1.305 562 401 10:00:00 11:00:00 10:00:00 13:00:00
38 6 838.000 1.246 335 380 11:00:00 12:00:00 13:00:00 15:00:00
26 31 180.000 0.239 572 534 11:30:00 13:30:00 13:30:00 16:30:00
15 26 720.000 0.572 532 482 14:00:00 16:00:00 14:00:00 15:00:00
49 46 372.000 0.206 466 569 13:30:00 15:00:00 13:30:00 14:30:00
7 22 201.000 0.161 395 305 08:30:00 10:30:00 08:30:00 11:30:00
43 41 42.000 0.052 416 355 08:30:00 10:00:00 10:30:00 11:30:00
48 37 331.000 0.179 349 526 08:30:00 10:00:00 11:30:00 12:30:00
47 28 126.000 0.166 564 373 09:00:00 10:00:00 09:00:00 12:00:00
18 15 889.000 1.119 502 397 11:00:00 12:00:00 11:00:00 14:00:00
30 16 980.000 0.563 487 460 08:30:00 10:00:00 09:30:00 11:30:00
16 8 154.000 0.190 560 365 14:00:00 15:00:00 14:00:00 16:00:00
45 7 897.000 0.771 421 421 11:30:00 13:30:00 12:30:00 13:30:00
11 12 268.000 0.354 367 328 11:00:00 12:00:00 13:00:00 15:00:00
43 31 116.000 0.071 476 479 14:00:00 15:00:00 16:00:00 18:00:00
41 11 708.000 0.913 597 395 12:00:00 13:30:00 13:00:00 15:00:00
36 22 186.000 0.229 568 552 13:00:00 14:30:00 14:00:00 16:00:00
7 20 533.000 0.560 413 471 09:30:00 11:30:00 11:30:00 12:30:00
37 8 337.000 0.467 584 415 12:00:00 14:00:00 13:00:00 15:00:00
34 42 719.000 0.449 471 573 10:30:00 11:30:00 11:30:00 12:30:00
22 20 481.000 0.453 307 568 12:00:00 13:30:00 14:00:00 17:00:00
34 4 785.000 0.513 491 579 08:00:00 09:30:00 08:00:00 09:00:00
11 4 960.000 1.227 510 495 10:30:00 12:00:00 11:30:00 12:30:00
31 26 161.000 0.164 370 483 08:30:00 10:00:00 11:30:00 13:30:00
45 43 972.000 1.146 532 409 12:30:00 14:00:00 15:30:00 17:30:00
19 37 979.000 0.928 428 560 10:00:00 11:00:00 11:00:00 14:00:00
17 19 950.000 1.060 318 448 09:00:00 11:00:00 10:00:00 11:00:00
45 14 568.000 0.479 559 539 14:00:00 15:00:00 15:00:00 18:00:00
45 6 660.000 0.929 361 577 09:00:00 10:00:00 10:00:00 13:00:00
48 17 353.000 0.357 579 315 12:30:00 14:00:00 14:30:00 17:30:00
25 19 695.000 0.549 433 532 13:30:00 15:00:00 15:30:00 16:30:00
5 16 500.000 0.510 544 437 12:30:00 14:30:00 13:30:00 15:30:00
39 20 494.000 0.324 593 399 11:30:00 13:00:00 13:30:00 14:30:00
30 31 940.000 0.861 464 509 10:30:00 11:30:00 13:30:00 15:30:00
46 48 578.000 0.313 484 579 11:30:00 12:30:00 13:30:00 16:30:00
9 6 575.000 0.395 421 324 10:00:00 11:30:00 12:00:00 14:00:00
38 32 444.000 0.609 552 483 08:30:00 10:00:00 10:30:00 12:30:00
17 38 124.000 0.129 406 590 13:00:00 14:30:00 14:00:00 17:00:00
5 17 939.000 0.775 453 478 10:30:00 12:30:00 12:30:00 15:30:00
33 15 604.000 0.452 599 539 14:00:00 16:00:00 17:00:00 19:00:00
44 50 129.000 0.147 539 304 11:30:00 13:30:00 12:30:00 14:30:00
12 8 802.000 0.596 531 459 08:30:00 10:00:00 08:30:00 11:30:00
1 28 911.000 0.601 597 543 09:30:00 11:00:00 11:30:00 14:30:00
5 9 501.000 0.368 381 370 13:00:00 14:00:00 14:00:00 17:00:00
15 23 480.000 0.564 574 410 08:00:00 09:00:00 10:00:00 12:00:00
2 4 437.000 0.594 363 420 08:30:00 09:30:00 10:30:00 13:30:00
48 6 204.000 0.153 577 322 13:00:00 14:30:00 16:00:00 17:00:00
49 8 219.000 0.201 306 488 11:00:00 12:30:00 12:00:00 14:00:00
23 35 325.000 0.434 432 412 08:30:00 09:30:00 08:30:00 09:30:00
41 45 645.000 0.682 353 463 11:00:00 13:00:00 13:00:00 14:00:00
1 12 198.000 0.110 336 463 11:30:00 12:30:00 13:30:00 16:30:00
45 22 18.000 0.022 557 568 10:30:00 11:30:00 13:30:00 16:30:00
47 14 546.000 0.766 447 508 12:30:00 14:30:00 13:30:00 16:30:00
17 23 907.000 0.698 461 410 12:00:00 13:00:00 14:00:00 16:00:00
33 48 923.000 0.941 322 574 09:30:00 11:00:00 12:30:00 14:30:00
25 29 354.000 0.377 462 577 12:00:00 14:00:00 14:00:00 17:00:00
40 2 92.000 0.104 405 498 12:30:00 13:30:00 14:30:00 15:30:00
18 28 879.000 0.445 440 497 14:00:00 15:30:00 15:00:00 17:00:00
13 21 577.000 0.686 496 310 14:00:00 16:00:00 15:00:00 17:00:00
35 32 343.000 0.260 358 384 14:00:00 16:00:00 17:00:00 20:00:00
20 22 252.000 0.304 308 536 09:00:00 10:00:00 11:00:00 12:00:00
42 46 528.000 0.773 587 530 09:30:00 11:30:00 11:30:00 12:30:00
26 46 618.000 0.464 574 434 11:30:00 13:00:00 14:30:00 17:30:00
17 48 74.000 0.110 550 343 12:30:00 13:30:00 14:30:00 16:30:00
9 4 167.000 0.089 491 401 09:30:00 10:30:00 12:30:00 15:30:00
41 31 335.000 0.256 576 504 13:00:00 14:00:00 15:00:00 18:00:00
18 36 862.000 0.746 560 331 13:00:00 14:00:00 15:00:00 16:00:00
17 50 567.000 0.491 304 492 09:00:00 10:30:00 11:00:00 12:00:00
13 30 294.000 0.211 511 577 08:30:00 10:00:00 09:30:00 12:30:00
42 4 228.000 0.226 571 384 11:30:00 12:30:00 12:30:00 13:30:00
47 6 689.000 0.870 482 316 09:00:00 10:30:00 10:00:00 13:00:00
6 31 900.000 0.838 332 569 10:00:00 12:00:00 11:00:00 13:00:00
36 30 574.000 0.393 355 574 09:30:00 11:00:00 11:30:00 14:30:00
2 29 368.000 0.435 318 411 12:30:00 14:30:00 14:30:00 16:30:00
7 45 257.000 0.366 484 345 09:30:00 11:00:00 11:30:00 14:30:00
22 6 744.000 0.469 437 396 08:30:00 09:30:00 09:30:00 12:30:00
47 13 857.000 1.165 552 579 12:00:00 14:00:00 13:00:00 16:00:00
19 16 42.000 0.063 514 506 11:30:00 12:30:00 12:30:00 14:30:00
27 9 282.000 0.355 354 316 14:00:00 15:00:00 15:00:00 17:00:00
34 17 834.000 0.750 422 547 13:30:00 15:00:00 16:30:00 19:30:00
15 23 723.000 0.965 581 392 14:00:00 15:00:00 16:00:00 17:00:00
14 2 410.000 0.451 460 504 08:00:00 09:30:00 10:00:00 13:00:00
39 36 834.000 0.784 500 307 08:30:00 10:00:00 09:30:00 12:30:00
12 48 997.000 0.709 501 368 12:30:00 14:00:00 13:30:00 15:30:00
49 35 406.000 0.358 468 371 10:30:00 11:30:00 11:30:00 12:30:00
33 1 361.000 0.330 317 323 11:30:00 12:30:00 13:30:00 14:30:00
32 48 845.000 0.973 519 432 09:00:00 10:30:00 10:00:00 13:00:00
48 35 523.000 0.402 300 372 13:00:00 15:00:00 15:00:00 16:00:00
10 31 503.000 0.253 483 598 14:00:00 16:00:00 15:00:00 16:00:00
50 11 607.000 0.764 458 343 11:30:00 13:00:00 12:30:00 13:30:00
44 18 401.000 0.514 415 367 10:30:00 12:00:00 11:30:00 13:30:00
24 45 607.000 0.317 550 303 10:00:00 12:00:00 11:00:00 14:00:00
7 15 854.000 0.516 500 342 14:00:00 15:00:00 16:00:00 18:00:00
12 27 571.000 0.808 544 478 08:00:00 10:00:00 09:00:00 10:00:00
28 37 67.000 0.088 595 340 10:30:00 11:30:00 10:30:00 11:30:00
9 48 521.000 0.553 487 334 13:30:00 15:30:00 16:30:00 17:30:00
29 15 146.000 0.181 454 554 12:00:00 13:30:00 13:00:00 15:00:00
41 34 142.000 0.106 566 375 13:30:00 15:00:00 15:30:00 17:30:00
15 22 905.000 0.683 361 442 13:30:00 15:30:00 14:30:00 17:30:00
1 14 110.000 0.111 569 557 11:30:00 13:00:00 11:30:00 12:30:00
46 1 50.000 0.052 486 418 13:00:00 15:00:00 13:00:00 14:00:00
30 19 912.000 0.907 482 340 08:30:00 10:30:00 10:30:00 12:30:00
22 23 830.000 0.658 379 310 11:30:00 12:30:00 12:30:00 13:30:00
25 27 221.000 0.205 368 461 13:00:00 14:00:00 14:00:00 16:00:00
28 40 21.000 0.028 498 444 10:00:00 11:30:00 11:00:00 12:00:00
2 48 802.000 0.617 488 507 12:00:00 13:00:00 15:00:00 17:00:00
14 23 985.000 1.245 570 530 11:00:00 13:00:00 13:00:00 16:00:00
40 31 628.000 0.821 343 327 10:00:00 11:00:00 10:00:00 11:00:00
24 49 252.000 0.320 558 574 14:00:00 15:30:00 14:00:00 16:00:00
4 42 811.000 0.824 374 580 13:30:00 14:30:00 14:30:00 16:30:00
47 19 214.000 0.233 343 478 08:00:00 09:00:00 10:00:00 12:00:00
31 11 649.000 0.508 324 359 10:00:00 11:00:00 10:00:00 13:00:00
31 2 35.000 0.047 334 498 13:00:00 15:00:00 14:00:00 16:00:00
3 10 908.000 0.771 353 562 11:30:00 13:00:00 12:30:00 14:30:00
34 47 772.000 0.556 333 486 10:30:00 11:30:00 12:30:00 15:30:00
36 15 497.000 0.742 580 402 14:00:00 15:00:00 16:00:00 19:00:00
22 6 612.000 0.912 305 553 08:00:00 09:00:00 10:00:00 11:00:00
23 31 971.000 1.269 479 422 11:30:00 13:00:00 12:30:00 13:30:00
37 27 685.000 0.544 333 533 08:00:00 10:00:00 09:00:00 10:00:00
12 49 324.000 0.450 592 500 09:00:00 10:00:00 12:00:00 13:00:00
16 24 955.000 0.614 513 497 09:30:00 11:00:00 11:30:00 14:30:00
33 49 803.000 0.847 367 515 08:30:00 09:30:00 10:30:00 13:30:00
26 22 817.000 1.058 590 408 14:00:00 15:30:00 15:00:00 16:00:00
42 33 63.000 0.079 545 339 11:00:00 12:30:00 12:00:00 13:00:00
21 5 578.000 0.777 468 336 10:30:00 12:30:00 11:30:00 12:30:00
43 31 170.000 0.188 468 548 09:30:00 10:30:00 10:30:00 13:30:00
45 5 262.000 0.182 522 332 12:30:00 14:30:00 13:30:00 15:30:00
30 45 975.000 0.695 589 528 11:00:00 12:30:00 12:00:00 15:00:00
8 37 904.000 0.607 591 402 12:00:00 13:30:00 14:00:00 15:00:00
15 49 949.000 1.151 460 589 12:00:00 13:30:00 14:00:00 16:00:00
16 14 809.000 1.022 323 344 08:00:00 09:00:00 09:00:00 10:00:00
43 29 124.000 0.114 429 526 12:30:00 14:30:00 15:30:00 18:30:00
47 42 269.000 0.360 598 580 09:00:00 10:00:00 10:00:00 12:00:00
37 45 104.000 0.102 503 517 08:30:00 09:30:00 09:30:00 10:30:00
22 48 350.000 0.320 546 386 08:30:00 10:30:00 10:30:00 11:30:00
29 1 16.000 0.009 505 479 10:30:00 12:00:00 11:30:00 12:30:00
7 8 402.000 0.521 328 558 12:00:00 13:30:00 14:00:00 15:00:00
5 38 31.000 0.031 329 552 13:30:00 15:30:00 14:30:00 15:30:00
6 28 408.000 0.564 495 403 11:30:00 13:30:00 12:30:00 14:30:00
23 36 440.000 0.612 531 408 11:00:00 12:00:00 11:00:00 12:00:00
8 30 222.000 0.240 405 411 10:00:00 11:00:00 11:00:00 12:00:00
44 42 133.000 0.171 510 346 11:30:00 12:30:00 11:30:00 13:30:00
42 13 637.000 0.662 392 379 10:30:00 11:30:00 11:30:00 13:30:00
30 19 591.000 0.320 502 485 08:00:00 09:30:00 10:00:00 11:00:00
1 12 881.000 0.637 501 304 12:30:00 14:30:00 13:30:00 16:30:00
50 11 101.000 0.068 500 465 08:30:00 09:30:00 08:30:00 09:30:00
35 42 847.000 0.765 334 553 13:00:00 15:00:00 14:00:00 16:00:00
1 26 446.000 0.272 515 381 13:00:00 14:30:00 14:00:00 17:00:00
48 14 255.000 0.338 312 468 11:30:00 13:00:00 12:30:00 13:30:00
20 7 185.000 0.237 460 310 11:00:00 13:00:00 12:00:00 13:00:00
25 34 451.000 0.510 302 438 09:30:00 10:30:00 09:30:00 11:30:00
24 25 223.000 0.153 421 327 12:00:00 13:30:00 13:00:00 15:00:00
15 18 416.000 0.435 376 590 13:00:00 14:00:00 13:00:00 16:00:00
32 15 630.000 0.777 451 432 11:30:00 13:30:00 12:30:00 14:30:00
5 30 373.000 0.368 302 370 14:00:00 15:00:00 16:00:00 18:00:00
4 17 800.000 0.776 350 592 14:00:00 15:30:00 15:00:00 16:00:00
30 1 665.000 0.495 504 345 10:30:00 11:30:00 11:30:00 13:30:00
36 21 605.000 0.604 408 463 08:30:00 10:30:00 10:30:00 13:30:00
29 22 505.000 0.733 374 359 09:30:00 10:30:00 10:30:00 11:30:00
32 10 998.000 1.187 452 463 12:00:00 13:00:00 13:00:00 15:00:00
12 43 122.000 0.161 461 570 09:00:00 11:00:00 10:00:00 11:00:00
16 1 907.000 1.273 564 557 08:00:00 09:30:00 08:00:00 11:00:00
17 16 203.000 0.126 313 324 12:30:00 14:00:00 13:30:00 16:30:00
20 2 168.000 0.246 385 351 14:00:00 15:30:00 15:00:00 18:00:00
6 10 718.000 0.621 415 593 12:00:00 13:30:00 14:00:00 17:00:00
38 22 386.000 0.232 314 589 10:30:00 12:30:00 10:30:00 12:30:00
2 15 776.000 1.096 446 567 13:30:00 14:30:00 15:30:00 18:30:00
18 29 215.000 0.313 444 569 11:30:00 12:30:00 12:30:00 14:30:00
25 10 286.000 0.314 345 464 10:00:00 11:30:00 12:00:00 14:00:00
36 9 534.000 0.403 339 439 09:00:00 10:30:00 10:00:00 13:00:00
36 50 635.000 0.793 411 476 12:30:00 13:30:00 15:30:00 17:30:00
25 43 925.000 1.023 441 483 08:30:00 10:00:00 10:30:00 11:30:00
2 16 207.000 0.262 518 339 08:00:00 09:30:00 10:00:00 11:00:00
7 20 873.000 0.905 584 557 11:30:00 13:30:00 12:30:00 13:30:00
41 24 522.000 0.583 439 576 12:00:00 14:00:00 13:00:00 15:00:00
43 46 733.000 0.922 596 311 12:00:00 14:00:00 12:00:00 15:00:00
33 40 922.000 0.957 514 566 08:00:00 10:00:00 09:00:00 11:00:00
14 39 672.000 0.564 349 348 08:30:00 10:30:00 10:30:00 11:30:00
12 3 675.000 0.468 548 351 12:30:00 14:00:00 15:30:00 16:30:00
35 13 948.000 0.631 585 518 08:30:00 09:30:00 09:30:00 11:30:00
20 2 727.000 0.406 507 581 13:00:00 14:00:00 14:00:00 17:00:00
38 7 687.000 0.841 402 512 09:00:00 10:30:00 09:00:00 12:00:00
50 40 734.000 0.545 370 326 13:00:00 14:30:00 13:00:00 15:00:00
3 36 109.000 0.162 430 346 08:00:00 09:00:00 10:00:00 13:00:00
39 32 787.000 0.722 571 365 09:30:00 10:30:00 09:30:00 12:30:00
36 25 368.000 0.520 365 329 09:30:00 10:30:00 12:30:00 15:30:00
35 22 239.000 0.239 318 574 13:30:00 15:30:00 14:30:00 15:30:00
28 12 961.000 0.810 368 344 09:30:00 10:30:00 12:30:00 15:30:00
16 21 588.000 0.720 464 310 14:00:00 15:30:00 14:00:00 15:00:00
27 37 758.000 1.054 559 339 11:00:00 12:00:00 12:00:00 15:00:00
43 17 972.000 0.943 363 337 09:30:00 11:30:00 11:30:00 13:30:00
17 34 276.000 0.183 350 458 13:30:00 15:00:00 15:30:00 17:30:00
20 19 539.000 0.660 556 479 08:00:00 09:00:00 09:00:00 12:00:00
18 48 550.000 0.492 589 339 09:30:00 11:00:00 10:30:00 13:30:00
39 6 929.000 0.632 445 500 08:30:00 09:30:00 08:30:00 09:30:00
47 44 670.000 0.340 336 383 09:00:00 11:00:00 09:00:00 11:00:00
25 44 380.000 0.375 353 408 10:30:00 12:30:00 10:30:00 12:30:00
5 32 963.000 0.774 485 529 14:00:00 15:00:00 15:00:00 18:00:00
43 44 381.000 0.368 425 570 12:30:00 13:30:00 14:30:00 15:30:00
47 15 979.000 0.503 468 344 08:00:00 09:30:00 09:00:00 10:00:00
9 11 601.000 0.865 461 404 08:00:00 09:30:00 10:00:00 12:00:00
40 31 315.000 0.201 386 582 12:30:00 14:00:00 13:30:00 16:30:00
7 13 195.000 0.220 447 543 10:30:00 12:00:00 10:30:00 12:30:00
10 20 588.000 0.716 422 381 10:00:00 12:00:00 11:00:00 13:00:00
38 1 39.000 0.049 575 335 09:30:00 11:30:00 10:30:00 12:30:00
37 26 855.000 0.577 320 582 09:30:00 11:00:00 12:30:00 13:30:00
2 6 90.000 0.064 519 338 13:00:00 14:00:00 16:00:00 17:00:00
48 18 604.000 0.826 339 444 09:00:00 11:00:00 10:00:00 11:00:00
14 5 488.000 0.682 360 325 10:30:00 11:30:00 10:30:00 13:30:00
48 16 231.000 0.202 329 544 10:30:00 11:30:00 11:30:00 14:30:00
18 46 525.000 0.421 300 391 10:30:00 11:30:00 10:30:00 11:30:00
19 10 380.000 0.265 573 342 14:00:00 15:00:00 15:00:00 16:00:00
43 28 791.000 0.441 466 329 13:30:00 15:30:00 16:30:00 19:30:00
48 11 276.000 0.393 549 549 12:30:00 14:30:00 15:30:00 16:30:00
15 41 539.000 0.672 412 350 09:30:00 11:00:00 12:30:00 14:30:00
6 26 272.000 0.260 337 593 13:30:00 15:00:00 16:30:00 17:30:00
21 36 736.000 0.572 504 459 12:00:00 13:30:00 14:00:00 15:00:00
14 6 668.000 0.764 595 393 09:30:00 10:30:00 11:30:00 13:30:00
40 26 992.000 0.910 310 453 09:00:00 10:30:00 11:00:00 12:00:00
49 48 727.000 0.454 515 501 13:00:00 14:30:00 16:00:00 18:00:00
43 6 245.000 0.243 352 351 10:00:00 12:00:00 12:00:00 15:00:00
23 33 146.000 0.170 358 505 09:30:00 11:30:00 11:30:00 14:30:00
13 27 43.000 0.047 587 458 09:00:00 11:00:00 10:00:00 13:00:00
11 28 167.000 0.087 306 464 12:30:00 14:30:00 13:30:00 14:30:00
3 48 393.000 0.436 420 440 08:00:00 10:00:00 11:00:00 14:00:00
1 50 123.000 0.064 424 598 12:00:00 13:30:00 13:00:00 15:00:00
45 47 974.000 0.921 405 439 09:00:00 10:30:00 10:00:00 12:00:00
47 15 958.000 0.839 518 471 09:00:00 10:30:00 09:00:00 12:00:00
37 17 258.000 0.189 582 398 11:00:00 13:00:00 12:00:00 13:00:00
13 2 98.000 0.084 595 568 10:00:00 11:00:00 11:00:00 12:00:00
48 4 489.000 0.274 591 573 09:00:00 10:30:00 11:00:00 12:00:00
41 16 98.000 0.080 536 480 08:30:00 09:30:00 10:30:00 13:30:00
28 16 191.000 0.228 436 323 09:30:00 10:30:00 10:30:00 11:30:00
33 31 389.000 0.248 391 508 10:00:00 11:00:00 10:00:00 12:00:00
50 11 480.000 0.409 595 502 14:00:00 15:30:00 15:00:00 17:00:00
7 33 306.000 0.215 418 358 10:30:00 12:30:00 12:30:00 15:30:00
25 32 30.000 0.021 321 446 11:30:00 13:30:00 12:30:00 14:30:00
22 11 806.000 0.980 437 539 10:30:00 11:30:00 12:30:00 15:30:00
12 45 832.000 0.710 575 439 08:00:00 10:00:00 10:00:00 12:00:00
16 14 667.000 0.909 512 495 13:30:00 15:30:00 13:30:00 15:30:00
31 50 96.000 0.054 410 371 10:00:00 11:00:00 12:00:00 15:00:00
2 7 811.000 0.896 592 301 13:00:00 15:00:00 14:00:00 17:00:00
20 49 853.000 0.431 509 554 10:00:00 11:30:00 12:00:00 15:00:00
26 14 613.000 0.417 416 403 13:00:00 14:30:00 13:00:00 14:00:00
12 41 362.000 0.480 513 573 08:00:00 09:00:00 12:00:00 14:00:00
46 16 78.000 0.094 518 351 10:30:00 12:00:00 11:30:00 13:30:00
32 7 183.000 0.254 514 412 09:30:00 10:30:00 11:30:00 12:30:00
40 23 291.000 0.341 350 510 13:30:00 14:30:00 15:30:00 17:30:00
18 3 646.000 0.841 562 364 13:00:00 15:00:00 13:00:00 16:00:00
11 41 149.000 0.180 311 585 09:00:00 10:00:00 10:00:00 11:00:00
7 26 264.000 0.183 315 444 09:30:00 11:00:00 10:30:00 12:30:00
15 36 278.000 0.284 577 462 12:30:00 14:00:00 14:30:00 17:30:00
47 33 146.000 0.125 590 523 11:30:00 13:00:00 13:30:00 14:30:00
19 15 223.000 0.160 524 418 12:30:00 13:30:00 13:30:00 14:30:00
34 49 80.000 0.084 387 433 14:00:00 15:30:00 17:00:00 19:00:00
34 5 97.000 0.114 407 399 12:30:00 14:30:00 15:30:00 17:30:00
15 50 338.000 0.488 417 371 11:00:00 12:00:00 12:00:00 15:00:00
13 10 483.000 0.398 547 388 09:00:00 10:30:00 09:00:00 11:00:00
6 9 87.000 0.105 446 444 13:00:00 14:00:00 14:00:00 17:00:00
39 34 491.000 0.403 519 347 13:30:00 14:30:00 15:30:00 18:30:00
33 10 141.000 0.084 411 569 11:30:00 13:30:00 12:30:00 15:30:00
48 49 284.000 0.313 532 483 10:30:00 12:30:00 12:30:00 13:30:00
14 47 790.000 0.735 593 370 11:30:00 13:00:00 12:30:00 15:30:00
23 41 348.000 0.190 593 582 12:00:00 13:00:00 13:00:00 15:00:00
48 43 565.000 0.808 573 462 11:30:00 13:30:00 12:30:00 14:30:00
20 47 887.000 1.046 399 420 10:30:00 12:30:00 12:30:00 15:30:00
41 27 969.000 0.970 354 422 09:30:00 11:00:00 10:30:00 13:30:00
17 31 229.000 0.330 518 509 13:00:00 14:30:00 13:00:00 15:00:00
34 7 192.000 0.101 376 402 10:30:00 12:00:00 13:30:00 15:30:00
23 9 410.000 0.250 361 570 09:30:00 11:30:00 10:30:00 12:30:00
50 18 920.000 1.177 486 421 11:00:00 13:00:00 12:00:00 13:00:00
4 44 652.000 0.644 573 396 09:00:00 11:00:00 10:00:00 13:00:00
4 50 89.000 0.077 332 567 12:00:00 13:30:00 12:00:00 15:00:00
27 16 313.000 0.412 424 409 10:00:00 11:00:00 10:00:00 13:00:00
26 20 335.000 0.233 382 344 14:00:00 16:00:00 14:00:00 15:00:00
25 41 82.000 0.068 597 590 11:00:00 12:30:00 12:00:00 14:00:00
33 5 422.000 0.486 500 507 14:00:00 15:30:00 17:00:00 20:00:00
38 5 218.000 0.216 326 357 14:00:00 16:00:00 14:00:00 17:00:00
31 40 118.000 0.156 539 516 09:30:00 11:00:00 09:30:00 10:30:00
44 27 107.000 0.160 350 339 13:00:00 14:30:00 14:00:00 17:00:00
41 23 400.000 0.578 583 518 11:30:00 12:30:00 13:30:00 15:30:00
4 34 354.000 0.184 327 560 12:30:00 14:30:00 12:30:00 13:30:00
16 12 385.000 0.482 490 585 11:00:00 13:00:00 13:00:00 16:00:00
25 21 785.000 0.893 407 575 13:00:00 15:00:00 13:00:00 14:00:00
46 19 710.000 0.718 497 414 09:00:00 11:00:00 11:00:00 12:00:00
18 33 726.000 0.913 499 592 12:00:00 14:00:00 13:00:00 14:00:00
40 14 8.000 0.006 329 407 10:00:00 12:00:00 11:00:00 12:00:00
37 26 617.000 0.641 347 452 08:00:00 09:30:00 10:00:00 12:00:00
34 4 258.000 0.259 312 598 13:30:00 14:30:00 14:30:00 17:30:00
17 15 814.000 0.529 462 569 08:30:00 09:30:00 09:30:00 12:30:00
8 35 806.000 0.978 334 516 14:00:00 15:00:00 15:00:00 18:00:00
13 3 1000.000 1.391 552 434 09:00:00 10:00:00 11:00:00 14:00:00
40 22 901.000 0.555 546 319 11:30:00 13:30:00 13:30:00 16:30:00
50 28 792.000 0.966 382 519 14:00:00 15:30:00 14:00:00 16:00:00
3 18 567.000 0.520 413 437 12:30:00 14:00:00 12:30:00 13:30:00
43 33 631.000 0.825 516 471 14:00:00 15:00:00 16:00:00 18:00:00
29 31 924.000 1.129 391 466 11:00:00 12:00:00 12:00:00 14:00:00
41 18 248.000 0.322 459 540 12:00:00 13:00:00 14:00:00 15:00:00
28 17 882.000 1.094 404 510 13:30:00 15:00:00 14:30:00 15:30:00
28 6 82.000 0.059 306 373 08:00:00 09:30:00 08:00:00 10:00:00
33 17 571.000 0.628 397 417 10:00:00 12:00:00 11:00:00 12:00:00
49 38 332.000 0.417 324 514 13:00:00 15:00:00 13:00:00 15:00:00
12 25 418.000 0.563 439 343 10:30:00 12:00:00 13:30:00 16:30:00
13 6 945.000 1.181 546 423 09:30:00 11:30:00 10:30:00 13:30:00
8 31 75.000 0.109 354 554 11:30:00 13:30:00 12:30:00 13:30:00
7 22 891.000 0.887 369 580 14:00:00 15:00:00 14:00:00 16:00:00
2 9 571.000 0.704 315 487 14:00:00 16:00:00 15:00:00 18:00:00
39 16 356.000 0.187 362 499 08:00:00 09:00:00 08:00:00 10:00:00
18 12 213.000 0.166 436 373 11:30:00 12:30:00 13:30:00 15:30:00
7 24 650.000 0.970 593 480 08:30:00 10:00:00 08:30:00 09:30:00
26 38 846.000 0.680 586 529 08:30:00 10:30:00 10:30:00 11:30:00
3 4 2.000 0.002 486 597 13:30:00 15:00:00 14:30:00 17:30:00
22 35 506.000 0.434 316 303 13:00:00 14:00:00 13:00:00 16:00:00
47 41 889.000 1.177 589 421 08:30:00 10:30:00 09:30:00 11:30:00
8 39 344.000 0.285 411 578 11:30:00 13:30:00 13:30:00 14:30:00
19 49 606.000 0.666 316 527 12:00:00 13:30:00 14:00:00 15:00:00
3 40 747.000 0.770 346 330 10:30:00 12:00:00 10:30:00 12:30:00
23 47 579.000 0.577 467 446 14:00:00 15:30:00 15:00:00 18:00:00
43 6 99.000 0.104 520 440 09:00:00 10:30:00 11:00:00 14:00:00
12 35 884.000 0.756 525 527 11:30:00 13:00:00 13:30:00 15:30:00
15 46 699.000 0.910 595 387 08:30:00 10:00:00 09:30:00 11:30:00
29 38 865.000 1.118 556 593 10:30:00 12:00:00 11:30:00 13:30:00
1 21 523.000 0.509 499 573 14:00:00 16:00:00 15:00:00 16:00:00
47 33 233.000 0.259 334 360 11:30:00 13:30:00 13:30:00 15:30:00
16 43 968.000 1.193 554 336 08:00:00 09:00:00 10:00:00 12:00:00
14 10 15.000 0.008 378 417 12:30:00 14:00:00 14:30:00 17:30:00
28 18 938.000 0.905 445 573 10:00:00 11:30:00 11:00:00 12:00:00
48 16 337.000 0.366 583 345 11:30:00 13:00:00 13:30:00 15:30:00
6 18 742.000 1.000 531 410 09:00:00 10:30:00 10:00:00 11:00:00
33 8 861.000 0.551 484 441 09:00:00 10:00:00 11:00:00 14:00:00
38 13 676.000 0.641 473 364 14:00:00 15:00:00 14:00:00 15:00:00
4 39 582.000 0.542 376 544 13:30:00 14:30:00 14:30:00 17:30:00
20 40 475.000 0.484 319 360 08:00:00 09:00:00 09:00:00 11:00:00
6 33 247.000 0.274 421 510 10:30:00 11:30:00 11:30:00 12:30:00
47 29 804.000 1.146 334 446 12:30:00 13:30:00 13:30:00 14:30:00
33 9 95.000 0.099 483 429 13:30:00 14:30:00 13:30:00 14:30:00
9 49 660.000 0.343 582 353 14:00:00 16:00:00 14:00:00 15:00:00
48 1 126.000 0.120 589 497 10:00:00 12:00:00 12:00:00 13:00:00
35 32 949.000 1.164 577 561 14:00:00 15:00:00 17:00:00 20:00:00
6 20 807.000 0.657 531 312 10:00:00 11:30:00 12:00:00 14:00:00
24 29 935.000 0.651 540 410 11:30:00 13:00:00 13:30:00 14:30:00
45 36 357.000 0.345 597 310 08:30:00 10:00:00 10:30:00 11:30:00
49 12 146.000 0.089 561 583 10:30:00 11:30:00 12:30:00 15:30:00
21 47 218.000 0.308 564 414 12:30:00 13:30:00 12:30:00 13:30:00
25 18 22.000 0.026 400 466 11:30:00 13:30:00 12:30:00 13:30:00
9 7 421.000 0.378 523 330 14:00:00 15:00:00 14:00:00 17:00:00
9 32 336.000 0.213 313 410 11:00:00 13:00:00 12:00:00 13:00:00
9 18 814.000 0.698 394 417 11:00:00 12:00:00 12:00:00 13:00:00
39 11 38.000 0.050 378 319 10:00:00 12:00:00 11:00:00 12:00:00
24 43 338.000 0.477 370 370 10:30:00 11:30:00 13:30:00 14:30:00
31 10 622.000 0.598 577 473 11:30:00 13:30:00 11:30:00 14:30:00
13 23 826.000 0.918 392 538 09:00:00 10:00:00 10:00:00 12:00:00
21 11 961.000 0.778 325 441 10:30:00 11:30:00 11:30:00 13:30:00
27 35 819.000 0.900 416 556 12:30:00 13:30:00 14:30:00 15:30:00
22 2 480.000 0.651 486 351 10:30:00 12:00:00 11:30:00 12:30:00
43 10 519.000 0.289 303 581 08:00:00 09:00:00 10:00:00 12:00:00
41 21 791.000 0.475 570 455 11:30:00 13:00:00 12:30:00 14:30:00
42 31 461.000 0.658 463 366 14:00:00 15:00:00 14:00:00 15:00:00
42 18 88.000 0.124 595 415 14:00:00 15:00:00 15:00:00 18:00:00
28 14 886.000 0.853 382 471 08:00:00 10:00:00 09:00:00 12:00:00
39 29 144.000 0.194 393 364 11:00:00 13:00:00 11:00:00 12:00:00
21 11 163.000 0.142 444 524 08:30:00 10:00:00 09:30:00 12:30:00
48 44 653.000 0.370 342 546 13:30:00 15:30:00 16:30:00 19:30:00
11 20 985.000 1.465 584 576 13:30:00 15:30:00 15:30:00 17:30:00
21 43 94.000 0.097 598 393 13:00:00 15:00:00 16:00:00 19:00:00
30 44 887.000 1.080 481 505 12:00:00 13:00:00 14:00:00 17:00:00
31 2 817.000 0.418 557 356 12:00:00 14:00:00 14:00:00 15:00:00
33 5 987.000 1.362 489 511 12:30:00 14:00:00 14:30:00 15:30:00
14 27 278.000 0.213 571 422 13:00:00 14:00:00 14:00:00 15:00:00
44 42 415.000 0.228 540 410 11:00:00 12:30:00 12:00:00 13:00:00
27 4 506.000 0.407 456 492 09:00:00 10:30:00 09:00:00 11:00:00
10 14 614.000 0.697 439 569 11:00:00 12:00:00 12:00:00 15:00:00
43 3 560.000 0.458 398 517 14:00:00 16:00:00 17:00:00 20:00:00
8 23 33.000 0.024 307 479 09:30:00 11:00:00 10:30:00 11:30:00
26 14 565.000 0.462 528 505 11:00:00 12:30:00 12:00:00 14:00:00
24 32 109.000 0.160 578 491 08:30:00 10:00:00 09:30:00 11:30:00
3 32 626.000 0.341 493 351 12:00:00 13:00:00 14:00:00 16:00:00
44 50 934.000 1.296 369 369 10:00:00 12:00:00 12:00:00 13:00:00
17 43 776.000 0.629 558 468 10:00:00 11:00:00 11:00:00 13:00:00
45 18 953.000 0.601 380 390 10:00:00 11:30:00 11:00:00 12:00:00
6 38 286.000 0.271 423 413 13:30:00 15:30:00 15:30:00 16:30:00
33 3 686.000 0.371 486 387 08:30:00 10:00:00 09:30:00 12:30:00
48 40 838.000 1.044 436 351 10:00:00 11:30:00 12:00:00 13:00:00
6 12 5.000 0.005 533 469 10:00:00 11:00:00 12:00:00 13:00:00
36 47 264.000 0.322 410 542 11:30:00 13:30:00 13:30:00 14:30:00
14 40 250.000 0.168 389 588 09:30:00 11:30:00 11:30:00 14:30:00
44 25 886.000 1.076 339 495 13:00:00 15:00:00 14:00:00 16:00:00
46 6 483.000 0.380 555 503 13:00:00 15:00:00 15:00:00 18:00:00
10 41 697.000 0.832 383 595 09:00:00 10:00:00 10:00:00 12:00:00
11 33 712.000 0.481 476 582 10:00:00 12:00:00 12:00:00 15:00:00
37 50 427.000 0.503 308 588 13:00:00 15:00:00 15:00:00 18:00:00
34 49 524.000 0.307 335 582 13:30:00 15:00:00 15:30:00 17:30:00
14 25 959.000 1.043 445 397 11:00:00 12:00:00 13:00:00 16:00:00
27 2 659.000 0.801 308 569 09:00:00 11:00:00 12:00:00 13:00:00
25 48 518.000 0.500 445 320 08:00:00 09:00:00 11:00:00 13:00:00
27 26 364.000 0.416 442 524 09:00:00 10:00:00 10:00:00 11:00:00
13 32 579.000 0.472 410 343 11:30:00 13:30:00 14:30:00 15:30:00
43 7 560.000 0.438 523 334 13:30:00 15:00:00 14:30:00 16:30:00
20 50 888.000 0.970 417 492 09:30:00 11:00:00 10:30:00 13:30:00
9 3 547.000 0.383 557 566 13:00:00 14:00:00 15:00:00 17:00:00
9 15 185.000 0.103 428 301 09:30:00 11:00:00 11:30:00 14:30:00
25 45 714.000 0.998 387 337 08:30:00 09:30:00 10:30:00 11:30:00
21 25 777.000 0.922 446 527 12:30:00 14:00:00 13:30:00 14:30:00
42 45 69.000 0.074 473 340 10:00:00 11:30:00 10:00:00 13:00:00
40 34 83.000 0.078 385 309 13:30:00 15:00:00 15:30:00 18:30:00
41 20 751.000 0.480 546 539 11:00:00 13:00:00 13:00:00 14:00:00
25 4 788.000 0.636 537 569 14:00:00 16:00:00 15:00:00 16:00:00
23 45 11.000 0.012 324 427 11:30:00 13:00:00 14:30:00 15:30:00
4 35 766.000 0.581 387 338 10:00:00 11:30:00 12:00:00 14:00:00
11 31 697.000 0.434 560 316 12:00:00 14:00:00 12:00:00 15:00:00
45 14 447.000 0.574 393 521 12:00:00 13:30:00 13:00:00 16:00:00
35 8 408.000 0.481 366 551 09:30:00 10:30:00 09:30:00 12:30:00
9 29 148.000 0.090 445 473 10:00:00 12:00:00 11:00:00 13:00:00
27 37 312.000 0.189 387 325 11:30:00 13:00:00 13:30:00 16:30:00
48 2 205.000 0.225 588 592 10:00:00 11:00:00 12:00:00 13:00:00
41 34 442.000 0.262 514 412 09:30:00 11:30:00 10:30:00 13:30:00
7 23 886.000 0.920 301 571 11:30:00 13:30:00 12:30:00 15:30:00
21 35 337.000 0.343 538 517 13:30:00 15:30:00 14:30:00 16:30:00
13 11 718.000 0.456 466 444 08:00:00 10:00:00 09:00:00 11:00:00
44 40 283.000 0.165 422 332 11:30:00 13:30:00 12:30:00 14:30:00
34 15 465.000 0.298 377 572 09:00:00 11:00:00 10:00:00 13:00:00
1 18 287.000 0.286 556 507 12:00:00 13:30:00 13:00:00 15:00:00
43 6 49.000 0.058 529 554 12:00:00 14:00:00 15:00:00 18:00:00
42 41 863.000 0.999 553 409 08:00:00 10:00:00 09:00:00 12:00:00
6 12 438.000 0.358 585 457 10:00:00 11:00:00 12:00:00 15:00:00
1 50 191.000 0.218 488 346 13:30:00 14:30:00 14:30:00 15:30:00
47 26 54.000 0.046 562 381 11:00:00 12:00:00 13:00:00 16:00:00
17 22 762.000 0.404 355 305 14:00:00 15:00:00 15:00:00 18:00:00
50 14 95.000 0.054 496 463 10:00:00 12:00:00 12:00:00 15:00:00
46 19 207.000 0.278 432 591 10:30:00 12:30:00 12:30:00 14:30:00
11 13 722.000 0.546 532 348 13:30:00 15:00:00 14:30:00 15:30:00
17 48 111.000 0.099 488 493 09:30:00 11:30:00 12:30:00 15:30:00
29 14 986.000 0.988 379 506 08:00:00 09:00:00 09:00:00 12:00:00
44 21 834.000 0.687 554 493 10:30:00 12:00:00 11:30:00 14:30:00
11 47 445.000 0.295 519 491 11:30:00 13:30:00 12:30:00 13:30:00
32 23 682.000 0.941 598 588 13:00:00 15:00:00 15:00:00 17:00:00
49 31 553.000 0.301 399 367 12:30:00 13:30:00 12:30:00 15:30:00
26 34 968.000 1.201 396 364 10:00:00 11:00:00 13:00:00 14:00:00
20 47 562.000 0.596 486 317 13:00:00 14:00:00 14:00:00 17:00:00
9 50 85.000 0.119 555 479 09:00:00 11:00:00 10:00:00 12:00:00
49 36 250.000 0.365 447 350 09:00:00 11:00:00 11:00:00 14:00:00
13 27 299.000 0.150 524 351 14:00:00 16:00:00 15:00:00 18:00:00
15 21 362.000 0.245 427 396 11:00:00 12:30:00 13:00:00 16:00:00
11 45 356.000 0.419 300 416 10:30:00 12:30:00 11:30:00 13:30:00
24 17 992.000 1.340 568 564 12:30:00 13:30:00 13:30:00 15:30:00
13 41 258.000 0.198 321 533 08:00:00 09:00:00 10:00:00 12:00:00
40 34 354.000 0.461 575 327 09:30:00 10:30:00 11:30:00 12:30:00
34 29 577.000 0.387 372 544 08:00:00 09:30:00 10:00:00 11:00:00
13 26 537.000 0.407 476 406 10:30:00 12:30:00 12:30:00 14:30:00
11 25 377.000 0.437 460 323 13:00:00 14:30:00 14:00:00 17:00:00
19 9 312.000 0.388 532 545 09:30:00 11:30:00 11:30:00 12:30:00
17 50 656.000 0.598 345 304 11:00:00 13:00:00 12:00:00 15:00:00
22 30 126.000 0.100 570 497 08:00:00 09:30:00 10:00:00 11:00:00
43 23 656.000 0.366 396 317 11:30:00 13:30:00 11:30:00 12:30:00
31 42 658.000 0.694 469 579 12:30:00 13:30:00 12:30:00 14:30:00
1 24 676.000 0.443 414 503 08:00:00 09:30:00 09:00:00 12:00:00
20 41 990.000 0.857 358 456 14:00:00 15:30:00 17:00:00 20:00:00
16 12 648.000 0.780 590 517 08:00:00 10:00:00 09:00:00 10:00:00
18 14 319.000 0.396 461 426 09:00:00 11:00:00 10:00:00 13:00:00
38 7 488.000 0.598 319 402 13:30:00 14:30:00 13:30:00 14:30:00
9 31 19.000 0.012 513 305 14:00:00 15:30:00 14:00:00 17:00:00
17 15 185.000 0.240 530 383 10:00:00 12:00:00 12:00:00 14:00:00
28 45 139.000 0.113 361 355 11:00:00 13:00:00 12:00:00 15:00:00
36 15 95.000 0.092 468 534 10:00:00 11:00:00 12:00:00 15:00:00
43 33 691.000 0.928 429 488 11:30:00 12:30:00 12:30:00 14:30:00
25 17 798.000 0.630 308 475 13:00:00 15:00:00 14:00:00 17:00:00
34 12 863.000 0.877 597 381 13:30:00 14:30:00 16:30:00 19:30:00
39 9 973.000 1.329 407 434 09:30:00 10:30:00 11:30:00 14:30:00
36 47 96.000 0.089 443 542 13:30:00 14:30:00 15:30:00 16:30:00
12 48 719.000 0.745 440 397 09:30:00 10:30:00 09:30:00 12:30:00
1 35 967.000 0.827 483 426 11:00:00 12:30:00 12:00:00 14:00:00
6 29 267.000 0.264 438 343 11:00:00 12:00:00 12:00:00 13:00:00
3 39 593.000 0.661 467 575 11:00:00 12:30:00 13:00:00 14:00:00
2 45 798.000 0.916 466 464 10:00:00 12:00:00 12:00:00 15:00:00
18 43 675.000 0.431 496 318 10:00:00 11:00:00 12:00:00 14:00:00
12 42 151.000 0.180 582 355 11:00:00 13:00:00 12:00:00 14:00:00
40 17 559.000 0.785 412 493 11:00:00 13:00:00 12:00:00 13:00:00
41 7 771.000 1.004 323 436 14:00:00 16:00:00 16:00:00 19:00:00
34 42 375.000 0.393 349 507 12:30:00 13:30:00 13:30:00 15:30:00
30 14 674.000 1.006 326 318 10:00:00 11:00:00 11:00:00 13:00:00
10 4 240.000 0.267 378 530 10:30:00 11:30:00 13:30:00 16:30:00
15 35 457.000 0.451 574 349 13:30:00 15:30:00 15:30:00 17:30:00
19 45 130.000 0.139 559 491 11:00:00 12:30:00 14:00:00 16:00:00
48 11 544.000 0.449 472 548 10:00:00 11:30:00 13:00:00 16:00:00
35 39 856.000 0.560 366 546 09:00:00 11:00:00 10:00:00 13:00:00
34 5 590.000 0.791 440 565 11:00:00 12:00:00 14:00:00 16:00:00
39 46 987.000 0.992 544 393 11:00:00 12:30:00 13:00:00 15:00:00
44 5 707.000 0.363 343 440 08:00:00 09:30:00 09:00:00 11:00:00
21 13 939.000 0.778 497 507 10:00:00 12:00:00 12:00:00 15:00:00
49 24 214.000 0.159 357 438 09:30:00 11:30:00 10:30:00 11:30:00
43 11 743.000 0.489 319 445 13:30:00 15:30:00 16:30:00 19:30:00
33 44 17.000 0.016 391 382 11:00:00 13:00:00 12:00:00 13:00:00
6 44 172.000 0.159 513 544 12:00:00 13:30:00 12:00:00 15:00:00
1 16 97.000 0.110 424 318 12:00:00 13:30:00 12:00:00 14:00:00
34 27 916.000 0.587 452 415 11:00:00 12:00:00 11:00:00 13:00:00
11 33 769.000 0.642 497 527 13:00:00 14:30:00 15:00:00 18:00:00
27 33 81.000 0.059 454 423 14:00:00 15:00:00 16:00:00 19:00:00
48 3 81.000 0.061 523 568 12:00:00 13:00:00 14:00:00 15:00:00
3 44 402.000 0.454 478 392 08:00:00 09:30:00 08:00:00 11:00:00
15 20 570.000 0.848 332 556 14:00:00 15:00:00 14:00:00 15:00:00
46 16 364.000 0.496 418 458 11:00:00 12:00:00 12:00:00 15:00:00
47 26 301.000 0.240 364 342 12:00:00 14:00:00 14:00:00 17:00:00
2 43 164.000 0.172 487 573 08:00:00 09:30:00 09:00:00 11:00:00
37 41 828.000 1.018 521 514 11:00:00 12:30:00 12:00:00 13:00:00
8 32 243.000 0.230 497 325 10:30:00 11:30:00 12:30:00 15:30:00
47 9 656.000 0.393 357 445 12:30:00 14:00:00 14:30:00 16:30:00
22 44 91.000 0.114 563 530 10:00:00 11:30:00 12:00:00 15:00:00
46 20 740.000 0.765 396 337 09:00:00 10:30:00 11:00:00 13:00:00
25 31 521.000 0.574 563 474 09:30:00 11:00:00 10:30:00 12:30:00
11 1 610.000 0.523 345 479 13:00:00 15:00:00 15:00:00 17:00:00
31 20 644.000 0.630 457 428 10:00:00 11:30:00 12:00:00 14:00:00
13 24 285.000 0.334 476 568 13:00:00 14:00:00 15:00:00 16:00:00
4 31 52.000 0.045 425 584 14:00:00 16:00:00 15:00:00 16:00:00
49 19 998.000 1.384 413 458 13:00:00 14:30:00 14:00:00 17:00:00
45 22 61.000 0.084 493 383 13:00:00 14:00:00 15:00:00 16:00:00
17 20 162.000 0.185 456 415 11:30:00 13:30:00 13:30:00 14:30:00
28 23 293.000 0.246 480 565 13:30:00 14:30:00 15:30:00 16:30:00
2 44 715.000 0.886 304 442 10:30:00 12:30:00 12:30:00 14:30:00
31 46 276.000 0.319 460 341 10:30:00 12:00:00 10:30:00 11:30:00
17 35 373.000 0.381 404 329 08:00:00 09:00:00 09:00:00 11:00:00
49 33 203.000 0.145 418 332 09:00:00 11:00:00 10:00:00 12:00:00
40 4 715.000 0.808 484 422 10:00:00 11:00:00 12:00:00 13:00:00
33 1 80.000 0.086 576 385 08:00:00 10:00:00 09:00:00 10:00:00
29 4 427.000 0.333 584 346 13:30:00 15:00:00 15:30:00 17:30:00
30 32 216.000 0.114 342 340 09:00:00 10:30:00 10:00:00 12:00:00
22 50 359.000 0.494 459 332 13:00:00 15:00:00 15:00:00 17:00:00
2 15 157.000 0.169 409 517 13:00:00 15:00:00 15:00:00 16:00:00
48 17 877.000 0.497 533 494 08:00:00 09:00:00 11:00:00 12:00:00
47 31 635.000 0.363 528 575 10:00:00 11:30:00 11:00:00 14:00:00
18 30 833.000 1.125 358 497 12:00:00 13:00:00 13:00:00 15:00:00
24 22 676.000 0.781 565 320 11:00:00 12:30:00 13:00:00 15:00:00
44 12 417.000 0.412 582 560 14:00:00 15:00:00 16:00:00 19:00:00
9 44 652.000 0.571 463 556 11:30:00 13:30:00 12:30:00 13:30:00
1 21 528.000 0.284 409 310 11:00:00 12:30:00 13:00:00 14:00:00
30 1 817.000 0.969 596 525 11:00:00 12:30:00 13:00:00 15:00:00
4 12 839.000 0.951 564 593 13:00:00 14:00:00 14:00:00 15:00:00
43 42 82.000 0.114 578 341 09:00:00 11:00:00 12:00:00 13:00:00
17 28 584.000 0.827 316 329 08:30:00 10:30:00 09:30:00 12:30:00
17 29 324.000 0.299 357 306 14:00:00 15:00:00 15:00:00 16:00:00
30 44 628.000 0.746 447 350 08:00:00 09:30:00 11:00:00 14:00:00
3 26 272.000 0.198 428 497 12:30:00 14:30:00 15:30:00 16:30:00
39 27 688.000 0.690 592 484 08:00:00 10:00:00 08:00:00 10:00:00
32 36 385.000 0.251 595 470 12:00:00 13:30:00 15:00:00 17:00:00
49 33 346.000 0.231 575 469 11:30:00 13:30:00 13:30:00 14:30:00
1 33 948.000 1.091 391 391 08:00:00 09:00:00 09:00:00 10:00:00
10 5 578.000 0.810 428 466 09:00:00 10:00:00 09:00:00 12:00:00
13 28 144.000 0.150 461 408 12:30:00 14:00:00 13:30:00 16:30:00
21 19 110.000 0.116 527 573 12:00:00 14:00:00 15:00:00 17:00:00
42 48 927.000 1.247 380 553 13:30:00 14:30:00 16:30:00 17:30:00
7 41 38.000 0.020 485 517 09:00:00 10:30:00 11:00:00 13:00:00
20 1 845.000 0.594 411 377 12:30:00 14:30:00 14:30:00 17:30:00
28 46 169.000 0.195 546 393 11:30:00 13:00:00 12:30:00 15:30:00
7 38 856.000 0.724 390 599 14:00:00 16:00:00 14:00:00 15:00:00
36 24 55.000 0.074 351 462 12:30:00 14:30:00 13:30:00 15:30:00
17 30 465.000 0.610 586 446 13:00:00 15:00:00 16:00:00 18:00:00
3 12 648.000 0.548 357 537 10:30:00 11:30:00 13:30:00 16:30:00
30 5 42.000 0.049 430 538 13:30:00 14:30:00 14:30:00 16:30:00
50 43 76.000 0.043 397 341 09:00:00 10:00:00 12:00:00 14:00:00
26 47 743.000 0.424 320 532 12:30:00 14:00:00 14:30:00 15:30:00
37 28 780.000 0.428 354 537 11:30:00 13:00:00 12:30:00 15:30:00
22 44 753.000 0.736 382 397 13:30:00 15:00:00 14:30:00 17:30:00
6 13 56.000 0.071 521 468 11:30:00 13:30:00 13:30:00 16:30:00
5 7 384.000 0.268 342 542 09:00:00 10:00:00 09:00:00 11:00:00
16 17 2.000 0.002 580 444 12:30:00 14:00:00 12:30:00 15:30:00
19 40 176.000 0.117 575 354 08:00:00 10:00:00 09:00:00 10:00:00
8 39 834.000 1.058 397 365 09:30:00 11:00:00 11:30:00 14:30:00
38 31 439.000 0.626 564 398 13:30:00 14:30:00 14:30:00 17:30:00
26 35 756.000 0.429 336 594 10:00:00 12:00:00 11:00:00 14:00:00
4 17 838.000 0.609 333 522 10:30:00 12:00:00 12:30:00 13:30:00
30 32 215.000 0.166 415 337 10:30:00 11:30:00 11:30:00 13:30:00
38 25 165.000 0.236 428 404 12:30:00 14:00:00 15:30:00 17:30:00
12 29 702.000 0.533 354 403 11:30:00 13:30:00 12:30:00 14:30:00
5 3 588.000 0.838 595 325 11:30:00 12:30:00 12:30:00 13:30:00
26 2 299.000 0.414 415 597 12:00:00 13:00:00 15:00:00 18:00:00
20 49 975.000 1.142 440 530 14:00:00 16:00:00 16:00:00 17:00:00
32 46 410.000 0.449 558 418 10:00:00 11:00:00 13:00:00 14:00:00
31 3 752.000 0.730 560 559 08:30:00 10:30:00 09:30:00 10:30:00
12 16 156.000 0.179 519 305 08:00:00 10:00:00 09:00:00 12:00:00
5 49 571.000 0.320 407 434 08:00:00 09:30:00 09:00:00 10:00:00
21 20 837.000 0.969 503 374 10:00:00 11:00:00 12:00:00 14:00:00
31 28 398.000 0.222 387 491 10:00:00 12:00:00 11:00:00 14:00:00
15 25 647.000 0.531 366 348 14:00:00 15:00:00 16:00:00 19:00:00
1 6 935.000 0.504 336 479 12:00:00 13:00:00 13:00:00 15:00:00
41 40 743.000 0.892 464 441 10:00:00 12:00:00 11:00:00 13:00:00
16 31 282.000 0.346 523 494 09:30:00 11:00:00 10:30:00 12:30:00
26 36 520.000 0.274 422 569 08:00:00 10:00:00 10:00:00 11:00:00
5 1 650.000 0.575 559 441 08:30:00 10:30:00 09:30:00 11:30:00
27 24 759.000 0.748 390 455 12:30:00 14:00:00 13:30:00 14:30:00
26 40 847.000 0.772 392 528 11:30:00 13:30:00 12:30:00 13:30:00
15 6 734.000 0.390 380 513 12:30:00 14:00:00 13:30:00 16:30:00
49 13 777.000 0.918 390 380 14:00:00 15:00:00 14:00:00 15:00:00
3 30 453.000 0.596 519 311 10:00:00 11:00:00 12:00:00 14:00:00
17 6 219.000 0.298 525 451 12:00:00 14:00:00 14:00:00 15:00:00
21 20 133.000 0.075 404 371 11:30:00 13:00:00 12:30:00 13:30:00
3 44 907.000 0.619 445 485 12:30:00 13:30:00 13:30:00 14:30:00
2 41 38.000 0.023 534 347 09:30:00 11:30:00 10:30:00 11:30:00
30 41 232.000 0.302 592 362 09:00:00 11:00:00 13:00:00 16:00:00
26 3 267.000 0.268 502 455 09:30:00 10:30:00 12:30:00 14:30:00
14 32 925.000 0.786 354 560 14:00:00 15:00:00 15:00:00 18:00:00
7 35 187.000 0.189 496 351 09:00:00 10:30:00 10:00:00 12:00:00
3 19 939.000 1.104 417 576 11:00:00 12:00:00 13:00:00 14:00:00
27 16 144.000 0.106 321 442 13:00:00 14:30:00 13:00:00 15:00:00
45 1 607.000 0.402 309 469 11:00:00 12:00:00 14:00:00 15:00:00
48 37 254.000 0.258 383 301 08:30:00 10:00:00 11:30:00 12:30:00
13 12 401.000 0.219 346 472 13:00:00 15:00:00 14:00:00 17:00:00
39 5 250.000 0.302 486 428 12:00:00 14:00:00 12:00:00 13:00:00
5 14 424.000 0.304 599 555 13:30:00 15:00:00 14:30:00 17:30:00
26 25 610.000 0.423 541 588 09:00:00 10:30:00 11:00:00 14:00:00
5 17 403.000 0.489 516 569 11:00:00 13:00:00 12:00:00 15:00:00
8 38 440.000 0.451 461 501 13:00:00 14:00:00 15:00:00 17:00:00
15 34 325.000 0.297 415 537 10:00:00 11:30:00 12:00:00 13:00:00
27 46 684.000 0.448 366 311 10:30:00 12:30:00 11:30:00 13:30:00
10 14 165.000 0.128 371 490 09:30:00 11:30:00 10:30:00 12:30:00
50 44 344.000 0.265 528 540 13:00:00 14:30:00 15:00:00 18:00:00
47 49 796.000 0.747 520 474 10:00:00 11:30:00 10:00:00 12:00:00
28 34 375.000 0.448 460 413 13:30:00 14:30:00 15:30:00 17:30:00
19 48 588.000 0.366 415 465 10:30:00 11:30:00 11:30:00 13:30:00
2 6 742.000 0.846 584 456 08:30:00 10:30:00 10:30:00 13:30:00
21 50 215.000 0.144 360 435 12:00:00 13:30:00 13:00:00 15:00:00
38 44 344.000 0.303 540 525 12:00:00 13:30:00 14:00:00 15:00:00
2 15 358.000 0.390 360 524 08:30:00 10:00:00 10:30:00 13:30:00
3 39 972.000 0.712 405 543 08:00:00 10:00:00 09:00:00 11:00:00
7 48 139.000 0.171 465 557 10:00:00 12:00:00 11:00:00 13:00:00
42 38 73.000 0.038 323 325 10:30:00 11:30:00 12:30:00 13:30:00
16 33 488.000 0.467 362 502 08:00:00 10:00:00 10:00:00 11:00:00
50 33 717.000 0.799 462 508 08:30:00 10:00:00 10:30:00 11:30:00
10 27 528.000 0.577 392 311 10:00:00 11:00:00 11:00:00 13:00:00
29 28 569.000 0.702 457 475 13:30:00 15:00:00 14:30:00 17:30:00
19 33 309.000 0.247 354 504 10:30:00 12:30:00 13:30:00 14:30:00
7 37 216.000 0.225 482 485 13:30:00 15:30:00 14:30:00 16:30:00
23 18 852.000 0.450 349 433 09:00:00 10:30:00 10:00:00 12:00:00
21 13 914.000 0.837 597 311 08:30:00 10:00:00 09:30:00 12:30:00
43 44 982.000 1.374 500 489 10:30:00 12:00:00 13:30:00 16:30:00
50 16 571.000 0.369 388 526 10:00:00 11:00:00 10:00:00 12:00:00
22 42 808.000 0.866 453 362 11:30:00 13:30:00 13:30:00 16:30:00
22 41 233.000 0.208 587 394 08:00:00 09:00:00 09:00:00 11:00:00
39 40 436.000 0.245 495 597 08:00:00 09:30:00 09:00:00 12:00:00
17 42 750.000 0.697 481 492 08:00:00 10:00:00 08:00:00 09:00:00
1 35 689.000 0.758 522 427 09:00:00 11:00:00 10:00:00 13:00:00
32 6 529.000 0.754 566 365 08:00:00 09:00:00 09:00:00 12:00:00
4 11 182.000 0.156 366 355 12:30:00 14:00:00 13:30:00 15:30:00
2 4 642.000 0.593 461 527 10:30:00 11:30:00 13:30:00 16:30:00
6 33 759.000 1.091 384 572 11:30:00 13:30:00 13:30:00 15:30:00
17 50 572.000 0.565 507 474 10:00:00 11:30:00 11:00:00 12:00:00
25 22 388.000 0.537 378 375 12:30:00 14:00:00 13:30:00 15:30:00
20 42 545.000 0.723 482 395 11:00:00 12:00:00 13:00:00 16:00:00
29 40 147.000 0.178 444 397 10:30:00 12:30:00 10:30:00 12:30:00
13 10 611.000 0.833 482 504 08:30:00 10:00:00 08:30:00 10:30:00
38 8 496.000 0.447 333 491 08:00:00 10:00:00 10:00:00 11:00:00
13 28 231.000 0.237 371 327 12:30:00 14:30:00 13:30:00 15:30:00
39 23 67.000 0.079 517 555 08:30:00 10:00:00 10:30:00 12:30:00
24 18 966.000 0.746 412 306 11:00:00 12:00:00 12:00:00 13:00:00
42 35 501.000 0.577 442 394 08:00:00 09:30:00 09:00:00 12:00:00
12 23 252.000 0.375 475 415 12:00:00 13:00:00 13:00:00 14:00:00
25 32 918.000 0.888 520 575 08:00:00 09:00:00 09:00:00 12:00:00
27 47 247.000 0.324 396 507 11:30:00 12:30:00 12:30:00 13:30:00
44 33 226.000 0.183 328 432 12:00:00 13:00:00 13:00:00 15:00:00
35 32 238.000 0.199 330 503 14:00:00 15:30:00 17:00:00 18:00:00
16 46 922.000 0.969 335 421 09:00:00 11:00:00 10:00:00 11:00:00
36 26 652.000 0.546 533 469 12:30:00 14:30:00 13:30:00 15:30:00
1 48 95.000 0.061 333 445 11:00:00 13:00:00 13:00:00 16:00:00
10 26 974.000 0.944 427 353 14:00:00 16:00:00 15:00:00 18:00:00
20 1 899.000 0.451 453 517 14:00:00 16:00:00 16:00:00 19:00:00
43 48 994.000 0.677 530 420 08:00:00 09:00:00 09:00:00 12:00:00
12 38 579.000 0.520 391 427 10:00:00 11:00:00 11:00:00 12:00:00
33 20 874.000 0.745 302 459 09:00:00 10:00:00 12:00:00 13:00:00
28 14 623.000 0.827 410 587 08:00:00 10:00:00 10:00:00 11:00:00
6 34 513.000 0.585 542 584 08:00:00 09:30:00 09:00:00 10:00:00
10 42 988.000 1.002 324 576 13:30:00 15:00:00 14:30:00 15:30:00
21 45 461.000 0.457 484 325 09:30:00 11:30:00 10:30:00 11:30:00
6 5 267.000 0.298 347 566 13:30:00 14:30:00 14:30:00 15:30:00
11 8 877.000 1.240 365 582 09:00:00 11:00:00 10:00:00 11:00:00
1 48 203.000 0.136 335 378 09:00:00 10:00:00 11:00:00 14:00:00
28 22 405.000 0.343 314 401 10:00:00 11:00:00 11:00:00 14:00:00
28 38 36.000 0.050 568 597 09:30:00 11:00:00 10:30:00 12:30:00
30 27 191.000 0.150 364 559 11:30:00 12:30:00 13:30:00 14:30:00
23 49 724.000 0.445 492 305 11:00:00 12:00:00 12:00:00 15:00:00
34 12 356.000 0.370 542 318 12:00:00 14:00:00 15:00:00 17:00:00
40 36 183.000 0.255 425 345 10:30:00 12:30:00 12:30:00 13:30:00
31 50 258.000 0.338 533 444 09:00:00 10:00:00 10:00:00 11:00:00
16 40 370.000 0.192 419 340 10:00:00 11:00:00 11:00:00 12:00:00
7 23 871.000 0.826 308 413 13:30:00 15:00:00 14:30:00 17:30:00
15 31 833.000 0.759 533 405 13:00:00 14:00:00 14:00:00 17:00:00
47 42 247.000 0.275 309 392 09:00:00 10:30:00 09:00:00 10:00:00
4 49 906.000 0.842 506 525 12:30:00 13:30:00 13:30:00 15:30:00
16 41 50.000 0.052 366 331 11:30:00 13:00:00 12:30:00 15:30:00
36 39 120.000 0.089 386 412 13:30:00 15:30:00 15:30:00 17:30:00
42 8 306.000 0.245 316 481 08:30:00 09:30:00 10:30:00 12:30:00
3 47 307.000 0.375 418 472 09:00:00 10:00:00 09:00:00 10:00:00
47 7 426.000 0.512 433 467 11:30:00 13:30:00 13:30:00 15:30:00
36 12 124.000 0.171 333 530 08:00:00 10:00:00 09:00:00 11:00:00
8 18 557.000 0.359 586 582 10:00:00 12:00:00 11:00:00 13:00:00
48 2 799.000 0.972 360 408 12:00:00 14:00:00 14:00:00 15:00:00
23 40 959.000 0.666 487 340 10:00:00 11:30:00 12:00:00 13:00:00
45 32 974.000 0.815 370 535 12:00:00 14:00:00 13:00:00 14:00:00
31 34 536.000 0.311 304 381 14:00:00 15:30:00 15:00:00 16:00:00
4 38 909.000 0.554 369 554 09:00:00 10:30:00 12:00:00 13:00:00
14 10 207.000 0.166 363 565 14:00:00 15:30:00 16:00:00 18:00:00
37 11 712.000 1.023 551 494 14:00:00 16:00:00 15:00:00 16:00:00
32 35 301.000 0.257 418 523 10:30:00 12:00:00 13:30:00 16:30:00
50 6 687.000 0.871 587 386 11:00:00 12:30:00 12:00:00 14:00:00
39 21 283.000 0.228 443 357 09:30:00 11:00:00 09:30:00 11:30:00
24 9 931.000 0.967 434 504 10:00:00 12:00:00 11:00:00 12:00:00
41 18 883.000 1.064 319 488 08:00:00 09:00:00 10:00:00 12:00:00
33 17 607.000 0.699 485 410 08:30:00 10:00:00 09:30:00 12:30:00
2 15 292.000 0.399 393 379 13:30:00 15:30:00 15:30:00 17:30:00
47 45 754.000 0.415 428 401 08:00:00 09:00:00 09:00:00 11:00:00
46 16 738.000 0.828 468 588 08:00:00 10:00:00 10:00:00 11:00:00
1 3 972.000 0.725 521 522 08:30:00 09:30:00 10:30:00 13:30:00
29 13 101.000 0.141 319 592 12:30:00 13:30:00 14:30:00 15:30:00
12 31 766.000 0.622 569 531 13:00:00 14:00:00 15:00:00 17:00:00
12 5 720.000 0.495 517 324 14:00:00 16:00:00 15:00:00 16:00:00
35 50 359.000 0.346 307 300 14:00:00 15:00:00 17:00:00 20:00:00
27 14 212.000 0.177 496 374 13:00:00 15:00:00 15:00:00 17:00:00
42 32 356.000 0.346 396 534 14:00:00 16:00:00 16:00:00 19:00:00
20 33 925.000 1.032 522 504 09:00:00 11:00:00 12:00:00 14:00:00
47 37 470.000 0.571 555 543 09:30:00 10:30:00 09:30:00 11:30:00
35 17 661.000 0.507 365 326 12:00:00 13:00:00 14:00:00 16:00:00
38 19 690.000 0.962 485 467 13:30:00 15:30:00 14:30:00 17:30:00
9 50 407.000 0.409 494 435 08:00:00 09:00:00 09:00:00 10:00:00
40 12 5.000 0.007 527 589 11:00:00 13:00:00 13:00:00 16:00:00
38 35 614.000 0.489 333 423 10:30:00 11:30:00 10:30:00 13:30:00
24 48 398.000 0.215 345 513 13:00:00 14:00:00 16:00:00 18:00:00
1 12 287.000 0.397 480 535 10:00:00 12:00:00 12:00:00 15:00:00
50 5 304.000 0.175 322 573 08:30:00 09:30:00 10:30:00 13:30:00
36 28 996.000 1.123 561 437 13:30:00 14:30:00 14:30:00 17:30:00
44 34 663.000 0.565 582 535 11:30:00 13:30:00 13:30:00 16:30:00
44 50 517.000 0.640 436 353 11:30:00 12:30:00 13:30:00 15:30:00
10 24 244.000 0.149 479 423 10:30:00 11:30:00 12:30:00 13:30:00
37 40 118.000 0.128 401 316 10:30:00 12:00:00 10:30:00 11:30:00
33 9 281.000 0.226 467 374 11:00:00 12:30:00 11:00:00 13:00:00
1 22 60.000 0.078 579 492 11:00:00 13:00:00 12:00:00 14:00:00
19 35 403.000 0.541 544 442 09:30:00 10:30:00 09:30:00 10:30:00
24 10 590.000 0.416 424 474 10:30:00 12:00:00 12:30:00 14:30:00
37 25 170.000 0.104 540 453 09:00:00 11:00:00 11:00:00 13:00:00
4 21 613.000 0.481 343 311 14:00:00 15:00:00 14:00:00 15:00:00
23 10 27.000 0.017 539 318 11:30:00 12:30:00 11:30:00 14:30:00
38 46 671.000 0.834 488 528 10:30:00 12:30:00 10:30:00 13:30:00
1 31 654.000 0.390 442 410 13:00:00 15:00:00 13:00:00 16:00:00
33 50 189.000 0.239 465 488 13:00:00 15:00:00 16:00:00 18:00:00
45 13 579.000 0.485 481 330 14:00:00 15:00:00 17:00:00 19:00:00
37 15 523.000 0.734 315 435 09:30:00 10:30:00 10:30:00 13:30:00
29 50 40.000 0.052 517 442 12:00:00 13:00:00 12:00:00 14:00:00
43 14 768.000 0.790 530 375 12:00:00 14:00:00 14:00:00 16:00:00
10 36 253.000 0.339 522 546 09:30:00 10:30:00 10:30:00 11:30:00
43 31 956.000 0.860 509 384 10:30:00 12:00:00 11:30:00 12:30:00
5 27 427.000 0.267 366 491 08:00:00 09:00:00 09:00:00 10:00:00
30 5 137.000 0.126 533 300 12:00:00 13:30:00 14:00:00 17:00:00
38 8 698.000 0.496 338 449 11:30:00 13:00:00 12:30:00 13:30:00
32 48 989.000 0.663 420 463 11:30:00 12:30:00 12:30:00 14:30:00
19 17 90.000 0.118 307 495 12:30:00 14:30:00 13:30:00 15:30:00
49 46 423.000 0.219 392 364 08:00:00 10:00:00 09:00:00 11:00:00
29 34 828.000 0.501 349 567 09:00:00 10:00:00 10:00:00 13:00:00
41 19 143.000 0.092 560 438 08:30:00 10:00:00 10:30:00 13:30:00
39 48 33.000 0.034 547 339 14:00:00 16:00:00 15:00:00 16:00:00
37 30 42.000 0.031 410 337 13:30:00 14:30:00 16:30:00 18:30:00
35 28 506.000 0.318 354 567 08:00:00 09:30:00 09:00:00 10:00:00
29 40 502.000 0.613 451 436 13:30:00 14:30:00 14:30:00 16:30:00
24 41 722.000 0.459 396 405 08:30:00 10:30:00 09:30:00 12:30:00
3 45 202.000 0.112 376 438 08:30:00 09:30:00 10:30:00 12:30:00
29 45 16.000 0.023 384 474 14:00:00 15:00:00 15:00:00 16:00:00
43 17 497.000 0.427 534 558 09:00:00 11:00:00 10:00:00 12:00:00
23 50 672.000 0.810 368 346 13:00:00 15:00:00 16:00:00 18:00:00
18 3 40.000 0.058 480 524 10:30:00 11:30:00 10:30:00 13:30:00
39 45 4.000 0.005 360 519 10:30:00 12:00:00 11:30:00 14:30:00
25 8 22.000 0.015 446 485 13:30:00 15:30:00 14:30:00 17:30:00
18 25 535.000 0.782 520 493 08:30:00 09:30:00 09:30:00 12:30:00
21 23 11.000 0.009 344 403 12:00:00 13:00:00 14:00:00 15:00:00
13 6 306.000 0.376 432 581 09:00:00 10:30:00 10:00:00 13:00:00
2 27 547.000 0.415 548 310 08:00:00 10:00:00 11:00:00 14:00:00
41 45 410.000 0.477 548 390 12:00:00 14:00:00 14:00:00 16:00:00
42 36 61.000 0.073 501 341 09:30:00 11:00:00 10:30:00 11:30:00
40 35 617.000 0.594 540 404 13:00:00 14:30:00 15:00:00 17:00:00
29 43 822.000 0.469 334 508 08:00:00 09:00:00 11:00:00 12:00:00
42 8 892.000 1.029 340 324 14:00:00 15:00:00 15:00:00 16:00:00
25 3 363.000 0.522 474 498 11:00:00 13:00:00 11:00:00 13:00:00
31 24 740.000 0.887 399 560 08:30:00 09:30:00 09:30:00 11:30:00
31 9 414.000 0.413 307 330 12:30:00 13:30:00 13:30:00 16:30:00
27 11 504.000 0.409 508 484 08:00:00 10:00:00 08:00:00 10:00:00
28 21 224.000 0.271 548 435 09:30:00 11:30:00 10:30:00 13:30:00
39 15 450.000 0.309 594 549 09:00:00 10:00:00 10:00:00 13:00:00
24 46 744.000 0.801 391 423 13:30:00 15:00:00 14:30:00 16:30:00
12 26 776.000 0.936 430 384 14:00:00 16:00:00 14:00:00 17:00:00
46 2 243.000 0.261 349 403 09:30:00 11:00:00 09:30:00 12:30:00
27 38 238.000 0.266 321 493 09:00:00 10:00:00 11:00:00 12:00:00
13 46 140.000 0.109 597 580 14:00:00 15:30:00 15:00:00 18:00:00
7 6 266.000 0.196 367 449 10:00:00 11:30:00 12:00:00 14:00:00
5 36 404.000 0.337 466 305 11:00:00 12:30:00 12:00:00 15:00:00
30 27 992.000 1.019 537 369 12:00:00 13:30:00 14:00:00 17:00:00
11 15 133.000 0.094 579 465 12:00:00 13:00:00 14:00:00 15:00:00
23 10 894.000 1.328 506 493 12:30:00 14:00:00 12:30:00 15:30:00
